0	1
1000	9
1001	9
1002	9
1003	9
1004	9
1005	9
1006	9
1007	9
1008	9
1009	9
100	1
1010	9
1011	2
1012	2
1013	2
1014	2
1015	2
1016	2
1017	2
1018	2
1019	2
101	1
1020	2
1021	2
1022	2
1023	2
1024	2
1025	2
1026	2
1027	2
1028	2
1029	2
102	1
1030	2
1031	2
1032	2
1033	2
1034	2
1035	2
1036	2
1037	2
1038	2
1039	2
103	1
1040	2
1041	2
1042	2
1043	2
1044	2
1045	2
1046	2
1047	2
1048	2
1049	2
104	1
1050	2
1051	2
1052	2
1053	2
1054	2
1055	2
1056	2
1057	2
1058	2
1059	2
105	1
1060	2
1061	2
1063	2
1064	2
1065	2
1066	2
1067	2
1068	2
1069	2
1070	2
1071	2
1072	2
1073	2
1074	2
1075	2
1076	2
1077	2
1078	2
1079	2
107	1
1080	2
1081	2
1082	2
1083	2
1084	2
1085	2
1086	2
1087	2
1088	2
1089	2
108	1
1090	2
1091	2
1092	2
1093	2
1094	2
1095	2
1096	2
1097	2
1098	2
1099	2
109	1
10	1
1100	2
1101	2
1102	2
1103	2
1104	2
1105	2
1106	2
1107	2
1108	2
1109	2
110	1
1110	2
1111	2
1112	2
1113	2
1114	2
1115	2
1116	2
1117	2
1118	2
1119	2
111	1
1120	2
1121	2
1122	2
1123	2
1124	2
1125	2
1126	2
1127	2
1128	2
1129	2
112	1
1130	2
1131	2
1132	2
1133	2
1134	2
1135	2
1136	2
1137	2
1138	2
1139	2
113	1
1140	2
1141	2
1142	2
1143	2
1144	2
1145	2
1146	2
1147	2
1148	2
1149	2
114	1
1150	2
1151	2
1152	2
1153	2
1154	2
1155	2
1156	2
1157	2
1158	2
1159	2
115	1
1160	2
1161	2
1162	2
1163	2
1164	2
1165	2
1166	2
1167	2
1168	2
1169	2
116	1
1170	2
1171	2
1172	2
1173	2
1174	2
1175	2
1176	2
1177	2
1178	2
1179	2
117	1
1180	2
1181	2
1182	2
1183	2
1184	2
1185	2
1186	2
1187	2
1188	2
1189	2
118	1
1190	2
1191	2
1193	1
1194	1
1195	1
1196	1
1197	1
1198	1
1199	1
119	1
11	1
1200	1
1201	1
1202	1
1203	1
1204	1
1205	1
1206	1
1207	1
1208	1
1209	1
120	1
1210	1
1211	1
1212	1
1213	1
1214	1
1215	1
1216	2
1217	2
1218	2
1219	2
121	1
1220	2
1221	2
1222	2
1223	2
1224	2
1225	2
1226	2
1227	2
1228	2
1229	2
122	1
1230	2
1231	2
1232	2
1233	2
1234	2
1235	2
1236	2
1237	2
1238	2
1239	2
123	1
1240	2
1241	2
1242	2
1243	2
1244	2
1245	2
1246	2
1247	2
1248	2
1249	2
124	1
1250	2
1251	7
1252	7
1253	7
1254	7
1255	7
1256	7
1257	7
1258	7
1259	7
125	1
1260	7
1261	7
1262	7
1263	7
1264	7
1265	7
1266	7
1267	7
1268	7
1269	7
126	1
1270	6
1271	6
1272	6
1273	6
1274	6
1275	6
1276	6
1277	6
1278	6
1279	6
127	1
1280	6
1281	6
1282	6
1283	6
1284	6
1285	6
1286	6
1287	6
1288	6
1289	6
128	1
1290	6
1291	6
1292	6
1293	6
1294	6
1295	6
1296	6
1297	6
1298	6
1299	6
129	1
12	1
1300	6
1301	6
1302	6
1303	6
1304	6
1305	6
1306	6
1308	6
1309	6
130	1
1310	6
1311	6
1312	6
1313	6
1314	6
1315	6
1316	6
1317	6
1318	6
1319	6
131	1
1320	6
1321	6
1322	6
1323	6
1324	16
1325	16
1326	16
1327	16
1328	16
1329	16
132	1
1331	16
1332	16
1333	16
1334	16
1335	16
1336	16
1337	16
1339	16
133	1
1340	16
1341	16
1342	16
1343	16
1344	16
1345	16
1346	16
1347	16
1349	16
134	1
1350	16
1351	16
1352	16
1353	16
1354	16
1355	16
1356	16
1357	7
1358	7
1359	7
135	1
1360	7
1361	7
1362	7
1363	7
1364	7
1365	7
1366	7
1367	7
1368	7
1369	7
136	1
1370	7
1371	7
1372	7
1373	7
1374	7
1375	7
1376	7
1377	7
1378	7
1379	7
137	1
1380	7
1381	7
1382	7
1384	7
1385	7
1386	7
1387	7
1388	7
1389	7
138	1
1390	15
1391	15
1392	15
1393	15
1394	15
1395	15
1396	15
1397	15
1398	15
1399	18
139	1
13	1
1400	18
1401	18
1402	18
1403	18
1404	18
1405	18
1406	18
1407	18
1408	18
1409	18
140	1
1410	18
1411	18
1412	18
1413	18
1414	18
1415	18
1416	18
1417	18
1418	18
1419	18
141	1
1420	18
1421	18
1422	18
1423	18
1424	18
1425	18
1426	18
1427	18
1428	18
1429	18
142	1
1430	18
1431	18
1432	18
1433	18
1434	18
1435	18
1436	18
1437	18
1438	18
1439	18
143	1
1440	18
1441	18
1442	18
1443	18
1444	18
1445	18
1446	18
1447	18
1448	18
1449	18
144	1
1450	18
1451	18
1452	18
1453	18
1454	18
1455	18
1456	18
1457	18
1458	18
1459	18
145	1
1460	18
1461	18
1462	18
1463	18
1464	18
1465	18
1466	18
1467	18
1468	18
1469	18
146	1
1470	18
1471	18
1472	18
1473	18
1474	18
1475	18
1476	18
1477	18
1478	18
1479	18
147	1
1480	18
1481	18
1482	18
1483	18
1484	18
1485	18
1486	18
1487	18
1488	18
1489	18
148	1
1490	18
1491	18
1492	18
1493	18
1494	18
1495	18
1496	18
1497	18
1498	18
1499	18
149	1
14	1
1500	18
1501	18
1502	18
1503	18
1504	18
1505	18
1506	18
1507	18
1508	18
1509	18
150	1
1510	18
1511	18
1512	18
1513	18
1514	18
1516	18
1517	18
1518	18
1519	18
151	1
1520	18
1521	18
1522	18
1523	18
1524	18
1525	18
1526	18
1527	18
1528	18
1529	18
152	1
1530	18
1531	18
1532	18
1533	18
1534	18
1535	18
1536	18
1537	18
1538	18
1539	18
153	1
1540	18
1541	18
1542	18
1543	18
1544	18
1545	18
1546	18
1547	18
1548	18
1549	18
154	1
1550	18
1551	18
1552	18
1553	18
1554	18
1555	18
1556	18
1557	18
1558	19
1559	19
155	1
1560	19
1561	19
1562	19
1563	19
1564	19
1565	19
1566	19
1567	19
1568	19
1569	19
156	1
1570	19
1572	19
1573	19
1574	19
1575	19
1576	19
1577	19
1578	19
1579	19
157	1
1581	19
1582	19
1583	19
1584	19
1585	19
1586	19
1587	19
1588	19
1589	19
158	1
1590	19
1591	19
1592	19
1593	19
1594	19
1595	19
1596	19
1597	19
1598	19
1599	19
159	1
15	1
1600	19
1601	19
1602	19
1603	19
1604	19
1605	19
1606	19
1607	19
1608	19
1609	19
160	1
1610	19
1611	19
1612	19
1613	19
1614	19
1615	19
1616	19
1617	19
1618	19
1619	19
161	11
1620	19
1621	19
1622	19
1623	19
1624	19
1625	19
1626	19
1627	19
1628	19
1629	19
162	11
1630	19
1631	19
1632	19
1633	19
1634	19
1635	19
1636	19
1637	19
1638	19
1639	19
163	11
1640	19
1641	19
1642	19
1643	19
1644	19
1645	19
1646	19
1647	19
1648	19
1649	19
164	11
1650	19
1651	19
1652	19
1653	19
1654	19
1655	19
1656	19
1657	19
1658	19
1659	19
165	11
1660	19
1661	19
1662	19
1663	19
1664	19
1665	19
1666	19
1667	19
1668	19
1669	19
166	11
1670	19
1671	19
1672	2
1673	2
1674	2
1675	2
1676	2
1677	2
1678	2
1679	2
167	11
1680	2
1681	2
1682	2
1683	2
1684	2
1685	2
1686	2
1687	2
1688	2
1689	2
168	11
1690	2
1691	2
1692	2
1693	2
1694	2
1695	2
1696	2
1697	2
1698	2
1699	2
169	11
16	1
1700	2
1701	2
1702	2
1703	2
1704	2
1705	2
1706	2
1707	2
1708	2
1709	2
170	11
1710	2
1711	2
1712	2
1713	2
1714	2
1715	2
1716	2
1717	2
1718	2
1719	2
171	11
1720	2
1721	2
1722	2
1724	2
1725	2
1726	2
1727	2
1729	2
172	11
1730	2
1731	2
1732	2
1733	2
1734	2
1735	2
1736	2
1737	2
1738	2
1739	2
173	11
1740	2
1741	2
1742	2
1743	2
1744	2
1745	2
1746	2
1747	2
1748	2
1749	2
174	11
1750	2
1751	2
1752	2
1753	2
1756	2
1757	2
1758	2
1759	2
175	11
1760	2
1761	2
1762	2
1763	2
1764	2
1765	2
1766	2
1767	2
1768	2
1769	2
176	11
1770	2
1771	2
1772	2
1773	2
1775	2
1776	2
1777	2
1779	2
177	11
1780	2
1781	2
1782	2
1783	2
1784	2
1785	2
1786	2
1787	2
1788	2
1789	2
178	11
1790	2
1791	2
1792	2
1793	2
1794	2
1795	2
1796	2
1797	2
1798	2
1799	2
179	11
17	1
1800	2
1801	2
1802	2
1803	2
1804	2
1805	2
1806	2
1807	2
1808	2
1809	2
180	11
1810	2
1811	2
1812	2
1813	2
1815	2
1816	2
1817	2
1818	2
1819	2
181	11
1820	2
1821	2
1822	2
1823	2
1824	2
1825	2
1826	2
1827	2
1828	2
1829	2
182	11
1830	2
1831	2
1833	2
1834	2
1835	2
1836	2
1837	2
1838	2
1839	2
183	11
1840	2
1841	2
1845	2
1846	2
1847	2
1848	2
184	11
1850	2
1851	2
1852	2
1854	2
1855	2
1856	2
1857	2
1858	2
1859	2
185	11
1860	2
1862	2
1863	2
1864	2
1865	2
1866	2
1868	2
1869	2
186	11
1870	2
1871	2
1872	2
1874	2
1875	2
1876	2
1877	2
1878	2
1879	2
187	11
1880	2
1881	2
1882	2
1883	2
1884	2
1885	2
1886	2
1887	2
1888	10
1889	10
188	11
1890	10
1891	10
1892	10
1893	10
1894	10
1895	10
1896	10
1897	10
1898	10
1899	10
189	11
18	1
1900	10
1901	10
1902	11
1903	11
1904	11
1906	11
1907	11
1908	11
1909	11
190	11
1910	11
1911	11
1912	11
1913	11
1914	11
1915	11
1917	11
1918	11
1919	11
191	11
1920	11
1921	11
1922	11
1923	11
1924	11
1925	11
1926	11
1927	11
1928	11
1929	11
192	11
1930	11
1931	11
1932	11
1933	11
1934	11
1935	11
1936	11
1937	11
1938	6
1939	6
193	11
1940	6
1941	6
1942	6
1943	6
1944	6
1945	6
1947	6
1948	6
1949	6
194	11
1950	6
1951	6
1953	6
1954	6
1955	6
1956	6
1957	6
1958	6
1959	6
195	11
1961	6
1962	6
1963	6
1964	6
1965	6
1966	6
1967	6
1969	6
196	11
1970	6
1971	6
1972	6
1973	6
1975	6
1976	6
1978	6
1979	6
197	11
1980	6
1981	6
1982	6
1983	6
1984	6
1985	6
1986	6
1987	6
1988	6
1989	6
198	11
1990	6
1992	6
1995	6
1996	6
1997	6
1998	6
1999	6
199	11
1	1
2000	6
2001	6
2002	6
2003	6
2006	6
2007	6
2008	6
2009	6
200	11
2010	6
2011	6
2012	6
2013	6
2014	6
2015	6
2017	6
2018	6
2019	6
201	11
2020	6
2021	6
2022	6
2023	6
2024	6
2025	6
2026	6
2027	6
2028	6
2029	6
202	11
2030	6
2031	6
2032	6
2033	6
2034	6
2035	6
2036	6
2037	6
2038	6
2039	6
203	11
2040	6
2042	6
2043	6
2044	6
2045	6
2046	6
2047	6
2048	6
2049	6
204	11
2050	6
2051	6
2052	6
2053	6
2054	6
2055	6
2057	6
2058	6
2059	6
205	11
2060	6
2061	6
2062	6
2063	6
2064	6
2066	6
2067	6
2068	6
2069	6
206	11
2070	6
2071	6
2072	6
2073	6
2075	6
2077	6
2078	6
2079	6
207	11
2080	6
2081	6
2082	6
2083	6
2084	6
2085	4
2087	4
2088	4
2089	4
208	11
2090	4
2091	4
2092	4
2093	4
2095	4
2096	4
2097	4
2098	4
2099	4
209	11
20	1
2100	4
2101	4
2102	4
2103	4
2104	6
2105	6
2106	6
2107	6
2109	6
210	11
2110	6
2111	6
2112	6
2113	6
2114	6
2115	6
2116	6
2117	6
2118	6
2119	6
211	11
2120	6
2121	6
2122	6
2123	6
2124	6
2125	6
2127	6
2128	6
212	11
2130	6
2131	6
2132	6
2133	6
2134	6
2135	6
2136	6
2137	6
2139	6
213	11
2140	6
2141	6
2142	6
2143	6
2144	6
2145	6
2146	6
2147	6
2148	6
2149	6
214	11
2150	6
2151	6
2152	6
2153	6
2154	6
2155	6
2156	6
2157	6
2158	6
2159	6
215	11
2160	6
2161	6
2162	6
2163	6
2164	6
2165	6
2166	6
2167	6
2168	6
2169	6
216	11
2170	6
2171	6
2172	6
2173	6
2175	6
2178	6
2179	6
217	11
2180	6
2181	6
2182	6
2183	6
2184	6
2185	6
2186	6
2187	6
2188	6
2189	6
218	11
2190	6
2191	6
2192	6
2193	6
2194	6
2195	6
2196	6
2197	6
2198	6
2199	6
219	11
21	1
2200	6
2201	6
2202	6
2203	6
2204	6
2205	6
2206	6
2207	6
2208	6
2209	6
220	11
2210	6
2211	6
2212	6
2213	6
2214	6
2215	6
2216	6
2217	6
2218	6
2219	6
221	11
2220	6
2221	6
2222	6
2223	6
2224	6
2225	6
2226	6
2227	6
2228	6
2229	6
222	11
2230	6
2231	6
2232	6
2233	6
2234	6
2235	6
2236	6
2237	6
2238	6
2239	6
223	11
2240	6
2241	6
2242	6
2243	6
2244	6
2245	6
2246	6
2247	6
2248	6
2249	6
224	11
2250	6
2251	6
2252	6
2253	6
2254	6
2255	6
2256	6
2257	6
2258	6
2259	6
225	11
2260	6
2261	6
2262	6
2263	6
2264	6
2265	6
2266	6
2267	6
2268	6
2269	6
226	11
2270	6
2271	6
2272	6
2274	6
2275	6
2276	6
2277	6
2279	6
227	11
2280	6
2281	6
2282	6
2283	6
2284	6
2285	6
2286	6
2287	6
2288	6
2289	6
228	11
2290	6
2291	6
2292	6
2293	6
2294	6
2295	6
2296	6
2297	6
2298	6
2299	6
229	11
22	1
2300	6
2301	6
2302	6
2303	6
2305	13
2306	13
2307	13
2308	13
2309	13
230	11
2310	13
2311	13
2312	13
2313	13
2314	13
2315	13
2316	13
2317	13
2318	13
2319	13
231	11
2320	13
2321	13
2322	13
2323	13
2324	13
2325	13
2326	13
2327	13
2328	13
2329	13
232	11
2330	13
2331	13
2332	13
2333	13
2334	13
2335	13
2336	13
2337	13
2339	13
233	11
2340	13
2341	13
2342	13
2343	13
2344	13
2345	13
2346	13
2348	13
2349	13
234	11
2350	13
2351	13
2352	13
2353	13
2355	13
2356	13
2357	13
2358	13
2359	13
235	11
2361	13
2362	13
2363	13
2364	13
2365	13
2366	13
2367	13
2368	13
2369	13
236	11
2370	13
2371	13
2372	13
2373	13
2375	13
2376	13
2377	13
2378	13
2379	13
237	11
2380	13
2381	13
2382	13
2383	13
2384	13
2385	13
2386	13
2387	13
2388	13
2389	13
238	11
2390	13
2391	13
2393	13
2394	13
2395	13
2396	13
2397	13
2398	13
239	11
23	1
2400	13
2401	13
2402	13
2403	13
2404	13
2405	13
2406	13
2407	13
2408	13
2409	13
240	11
2412	13
2413	13
2414	13
2415	13
2416	13
2417	13
2418	13
2419	13
241	11
2420	13
2421	13
2422	13
2423	13
2424	13
2425	13
2426	13
2427	13
2428	13
2429	13
242	11
2430	13
2431	13
2432	13
2433	13
2434	13
2435	13
2436	13
2437	13
2438	13
2439	13
243	11
2440	13
2441	13
2442	13
2443	13
2444	13
2445	13
2446	13
2447	13
2448	13
2449	13
244	11
2450	13
2451	13
2452	13
2453	13
2454	13
2455	13
2456	13
2457	13
2458	13
2459	13
245	11
2461	13
2463	13
2464	13
2466	13
2467	13
2468	13
2469	13
246	11
2470	13
2471	13
2472	13
2473	13
2474	13
2475	13
2476	13
2477	13
2478	13
2479	13
247	11
2481	13
2482	13
2483	13
2484	13
2485	13
2486	13
2487	13
2488	13
248	11
2491	13
2492	13
2493	13
2494	13
2495	13
2496	13
2497	13
249	11
24	1
2500	13
2501	13
2502	13
2503	13
2504	13
2505	13
2506	5
2507	5
2508	5
2509	5
250	11
2511	5
2512	5
2513	5
2514	5
2515	5
2516	5
2517	4
2518	4
2519	4
251	11
2520	4
2521	4
2522	4
2524	4
2525	4
2527	4
2528	4
2529	4
252	11
2530	4
2531	4
2532	4
2533	4
2534	4
2535	4
2536	4
2537	4
2538	4
2539	4
2540	4
2541	4
2542	4
2543	4
2544	4
2545	4
2546	4
2547	4
2548	4
2549	4
254	11
2550	4
2551	4
2553	4
2554	4
2555	4
2556	4
2557	4
2558	4
2559	4
255	11
2560	4
2561	4
2562	4
2563	4
2565	4
2566	4
2567	4
2568	4
2569	4
256	11
2570	4
2571	4
2572	4
2573	4
2575	4
2576	4
2577	4
2578	4
2579	4
2580	4
2581	4
2582	4
2583	4
2584	4
2585	4
2586	4
2587	4
2588	4
2589	4
258	11
2590	4
2591	4
2592	4
2593	4
2594	4
2595	4
2596	4
2597	4
2598	4
2599	4
259	11
25	1
2600	4
2601	4
2602	4
2603	4
2604	4
2605	4
2606	4
2607	4
2608	1
2609	1
260	8
2610	1
2611	1
2612	1
2613	1
2615	1
2616	1
2619	1
261	8
2620	1
2621	1
2622	1
2623	1
2624	1
2625	1
2626	1
2627	1
2628	1
2629	1
262	8
2630	1
2631	1
2632	1
2633	1
2634	1
2635	1
2636	1
2637	1
2639	1
263	8
2640	1
2641	1
2642	1
2643	1
2644	1
2645	1
2646	1
2647	1
2648	1
2649	1
264	8
2652	1
2653	1
2654	1
2655	1
2657	1
2658	1
2659	1
265	8
2660	1
2661	1
2662	1
2663	1
2664	1
2665	1
2666	1
2667	1
2668	1
2669	1
266	8
2670	1
2671	1
2672	1
2673	1
2675	1
2676	1
2677	1
2678	1
2679	1
267	8
2680	1
2681	1
2682	1
2683	1
2684	1
2685	1
2686	1
2687	1
2689	8
268	8
2690	8
2691	8
2692	8
2693	8
2694	8
2696	8
2697	8
2698	8
2699	8
269	8
26	1
2700	8
2701	8
2702	8
2703	8
2704	8
2705	8
2706	8
2707	8
2708	8
2709	8
270	8
2710	8
2711	8
2712	8
2713	8
2714	8
2715	8
2716	8
2717	8
2718	8
271	8
2720	8
2721	8
2722	8
2723	8
2724	8
2725	8
2726	8
2728	8
2729	8
272	8
2730	8
2731	8
2732	8
2733	8
2734	8
2735	8
2736	8
2737	8
2738	8
2739	8
273	8
2740	8
2741	8
2742	8
2743	8
2744	8
2745	8
2746	8
2747	8
2748	8
274	8
2754	9
2755	9
2756	9
2757	9
2758	9
2759	9
275	8
2760	9
2761	9
2762	9
2763	9
2764	9
2765	9
2766	9
2767	9
2768	9
276	8
2770	9
2771	9
2772	9
2773	9
2774	9
2775	9
2776	9
2777	9
2778	9
2779	9
277	8
2780	9
2781	9
2782	9
2783	9
2784	9
2785	9
2786	9
2787	9
2788	9
2789	9
278	8
2790	9
2791	9
2792	9
2793	9
2794	9
2795	9
2796	9
2797	9
2798	9
2799	9
279	8
27	1
2800	9
2801	9
2802	9
2803	9
2804	9
2805	9
2806	9
2807	9
2808	9
2809	9
280	8
2810	9
2811	9
2812	9
2813	9
2815	9
2817	9
2818	9
2819	9
281	8
2820	9
2821	9
2822	9
2823	9
2824	9
2825	9
2826	9
2827	9
2828	9
2829	9
282	8
2830	9
2831	9
2832	9
2833	9
2834	9
2835	9
2836	9
2837	9
2838	9
2839	9
283	8
2840	3
2841	3
2842	3
2843	3
2844	3
2845	3
2846	3
2847	3
2848	3
2849	3
284	8
2850	3
2851	3
2852	3
2853	3
2854	3
2855	3
2856	3
2857	3
2858	3
2859	3
285	8
2860	3
2861	3
2862	3
2863	3
2864	3
2865	3
2866	3
2867	3
2868	3
2869	3
286	8
2870	3
2871	3
2872	3
2873	3
2874	3
2875	3
2876	3
2877	3
2878	3
2879	3
287	8
2880	3
2881	3
2882	3
2883	3
2884	3
2885	3
2886	3
2887	3
2888	3
2889	3
288	8
2890	3
2891	3
2892	3
2893	3
2894	3
2895	3
2896	3
2897	3
2898	3
2899	3
289	8
28	1
2900	3
2901	3
2902	3
2903	3
2904	3
2905	3
2906	3
2907	3
290	8
2910	3
2911	3
2912	3
2913	3
2915	3
2916	3
2917	3
2918	3
2919	3
291	8
2920	3
2921	3
2922	3
2923	3
2924	3
2925	3
2926	3
2927	3
2928	3
2929	3
292	8
2931	3
2932	3
2933	3
2934	3
2935	3
2936	3
2937	3
2938	3
2939	3
2940	3
2941	3
2943	3
2944	3
2945	3
2946	3
2947	3
294	8
2950	3
2951	3
2952	3
2953	3
2957	3
2958	3
2959	3
295	8
2960	3
2961	3
2962	3
2963	3
2965	3
2966	3
2967	3
2968	3
2969	3
296	8
2970	3
2971	3
2972	3
2973	3
2974	3
2975	3
2976	3
2977	3
2978	3
2979	3
297	8
2980	3
2981	3
2982	3
2983	3
2984	3
2985	3
2986	3
2987	3
2989	3
298	8
2990	3
2991	3
2992	3
2993	3
2994	3
2995	3
2996	3
2997	3
2998	3
2999	3
299	8
29	1
2	1
3000	3
3001	3
3002	3
3006	3
3007	3
3008	3
3009	3
300	8
3010	3
3011	3
3012	3
3013	3
3014	3
3015	3
3016	3
3017	3
3018	3
3019	3
301	8
3020	3
3021	3
3022	3
3023	3
3024	3
3025	3
3026	3
3027	3
3028	3
3029	3
302	8
3030	3
3031	3
3032	3
3033	3
3034	3
3035	3
3036	3
3037	3
3038	3
3039	3
303	8
3040	3
3041	3
3042	3
3043	3
3044	3
3045	3
3046	3
3047	3
3048	3
3049	3
304	8
3050	3
3051	3
3052	3
3053	3
3054	3
3055	3
3056	3
3058	3
3059	3
305	8
3060	3
3061	3
3062	3
3063	3
3064	3
3065	3
3066	3
3067	17
3068	17
3069	17
306	8
3070	17
3071	17
3072	17
3073	17
3074	17
3075	17
3076	17
3077	17
3078	17
3079	17
307	8
3080	17
3081	17
3083	17
3084	17
3085	17
3086	17
3088	17
3089	17
308	8
3090	17
3091	17
3092	17
3093	17
3094	17
3095	17
3096	17
3097	17
3098	17
3099	17
309	8
30	1
3100	17
3101	17
3102	17
3103	17
3104	17
3105	17
3107	17
3108	17
3109	17
310	8
3110	17
3111	17
3112	17
3113	17
3114	17
3115	17
3116	17
3117	17
3118	17
3119	17
311	8
3120	17
3121	17
3122	17
3123	17
3124	17
3125	17
3126	17
3127	17
3128	17
3129	17
312	8
3130	17
3131	17
3132	17
3133	17
3134	17
3135	17
3136	17
3137	17
3138	17
3139	17
313	8
3140	17
3141	17
3142	17
3143	17
3144	17
3145	17
3146	17
3148	17
3149	17
314	8
3150	17
3151	17
3153	17
3154	17
3155	17
3156	17
3157	17
3158	17
315	8
3160	7
3161	7
3162	7
3163	7
3164	7
3165	7
3166	7
3167	7
3168	7
3169	7
316	8
3170	7
3171	7
3172	7
3173	7
3174	7
3175	7
3176	7
3177	7
3178	7
3179	7
317	8
3180	7
3181	7
3182	7
3184	7
3185	7
3186	7
3187	7
3188	7
3189	7
318	8
3190	7
3191	7
3192	7
3193	7
3194	7
3195	7
3196	7
3197	7
3198	7
3199	7
319	8
31	1
3200	7
3201	7
3202	7
3203	7
3204	7
3205	7
3206	7
3207	7
3208	7
3209	7
320	8
3210	7
3211	7
3212	7
3213	7
3214	7
3215	7
3216	7
3217	7
3218	7
3219	7
321	8
3221	7
3222	7
3223	7
3224	7
3225	7
3226	7
3227	7
3229	7
322	8
3230	7
3231	7
3232	7
3233	7
3234	7
3235	7
3236	7
3237	7
3238	7
3239	7
323	8
3240	7
3241	7
3242	7
3243	7
3245	7
3246	7
3247	7
3248	7
3249	7
324	8
3251	7
3252	7
3254	7
3255	7
3256	7
3257	7
3259	7
325	8
3260	7
3261	7
3262	7
3263	7
3264	7
3265	7
3266	7
3267	7
3268	7
3269	7
326	8
3270	7
3272	7
3273	7
3274	7
3275	7
3276	7
3277	7
3278	7
3279	7
327	8
3280	7
3281	11
3282	11
3283	11
3284	11
3285	11
3286	11
3287	11
3288	11
3289	11
328	8
3290	11
3291	11
3292	11
3293	11
3294	11
3295	11
3296	11
3297	11
3298	11
3299	11
329	8
32	1
3300	11
3301	11
3302	11
3303	11
3304	11
3305	11
3306	11
3307	11
3309	11
330	8
3310	11
3311	11
3312	11
3313	11
3314	11
3315	11
3316	11
3317	11
3318	11
331	8
3320	11
3321	11
3322	11
3323	11
3324	11
3325	11
3327	11
3328	11
3329	11
332	8
3330	11
3331	11
3333	11
3334	11
3335	11
3336	11
3337	11
3338	11
3339	11
333	2
3340	11
3341	11
3342	11
3343	11
3344	11
3345	11
3346	11
3347	11
3348	11
3349	11
334	2
3350	11
3351	11
3352	11
3353	11
3354	11
3357	11
3358	11
3359	11
335	2
3360	11
3361	11
3362	11
3363	11
3364	11
3365	11
3366	11
3367	11
3368	11
3369	11
336	2
3370	11
3372	11
3373	11
3374	11
3375	11
3376	11
3377	11
3378	11
3379	11
337	2
3380	11
3381	11
3382	11
3383	11
3384	11
3385	11
3386	11
3387	11
3388	11
3389	11
338	2
3390	11
3391	11
3392	11
3393	11
3394	11
3395	11
3396	11
3397	11
3398	11
3399	11
33	1
3400	11
3401	11
3402	11
3403	11
3404	11
3405	11
3406	11
3407	11
3408	11
3409	11
340	2
3410	11
3411	11
3412	11
3415	11
3416	11
3417	11
3418	11
3419	11
341	2
3421	11
3422	11
3423	11
3424	11
3425	11
3427	11
3428	11
3429	11
342	2
3430	11
3431	11
3432	11
3433	11
3434	11
3435	11
3436	11
3437	11
3438	11
3440	11
3441	11
3442	11
3443	11
3444	11
3445	11
3446	11
3447	11
3448	11
3449	11
344	2
3450	11
3451	11
3452	11
3453	11
3454	11
3455	11
3456	11
3457	11
3458	11
3459	11
345	2
3460	11
3461	11
3462	11
3463	11
3464	11
3465	11
3466	11
3468	11
346	2
3470	11
3471	11
3472	11
3473	11
3474	11
3475	11
3477	11
3478	11
3479	11
347	2
3480	11
3481	11
3482	11
3483	11
3484	11
3485	11
3486	11
3487	11
3488	11
3489	11
348	2
3490	11
3491	11
3492	11
3493	11
3494	11
3495	11
3496	11
3497	11
3498	11
3499	11
349	2
34	1
3500	11
3501	11
3502	11
3503	11
3504	11
3505	11
3506	11
3507	11
3508	11
3509	11
350	2
3510	11
3511	11
3512	11
3513	11
3514	11
3515	11
3516	11
3517	11
3518	11
3519	11
351	2
3520	11
3521	11
3522	11
3523	11
3524	11
3525	11
3526	11
3527	11
3528	11
3529	11
352	2
3530	11
3531	11
3532	11
3533	11
3534	11
3535	11
3536	11
3537	11
353	2
354	2
355	2
356	2
357	2
358	2
359	2
35	1
360	2
361	2
362	2
363	2
364	2
365	2
366	2
367	2
368	2
369	2
36	1
370	2
371	2
372	2
373	2
374	2
375	2
376	2
377	2
378	2
379	2
37	1
380	2
382	2
383	2
384	2
385	2
387	2
388	2
389	2
38	1
390	2
391	2
392	2
393	2
394	2
395	2
396	2
397	2
398	2
399	2
39	1
3	1
400	2
401	2
402	2
403	2
404	2
405	2
406	2
407	2
408	2
409	2
40	1
410	2
411	2
412	2
413	2
414	2
415	2
416	2
417	2
418	2
419	2
41	1
420	2
421	2
422	2
423	2
424	2
425	2
426	2
427	2
428	2
429	2
42	1
430	2
431	2
432	2
433	2
434	2
435	2
436	2
437	2
438	2
439	12
43	1
441	12
442	12
443	12
444	12
445	12
446	12
447	12
448	12
449	12
44	1
450	12
451	12
452	12
453	12
454	12
455	12
456	12
457	12
458	12
459	12
45	1
460	12
461	12
462	12
463	12
464	12
465	12
466	12
467	12
468	12
469	12
46	1
470	12
471	12
472	12
473	12
474	12
475	12
476	12
477	12
478	3
479	3
47	1
480	3
481	3
482	13
483	13
484	13
485	13
486	13
487	13
488	13
489	13
48	1
490	13
491	13
492	13
493	13
494	13
495	13
496	13
497	13
498	14
499	14
49	1
4	1
500	14
501	14
502	14
503	14
504	14
505	14
506	14
507	14
508	14
509	14
50	1
510	14
511	14
512	14
513	14
514	14
515	14
516	14
517	14
518	14
519	14
51	1
520	14
521	14
522	14
523	10
524	10
525	10
526	10
527	10
528	10
529	10
52	1
530	10
531	10
532	10
533	10
534	10
536	10
537	10
538	10
539	5
53	1
540	5
541	5
542	5
543	5
544	5
545	5
546	5
547	5
548	5
549	5
54	1
550	5
551	7
552	7
553	7
554	7
555	7
556	7
557	7
558	7
559	7
55	1
560	7
561	7
562	7
564	7
565	7
566	7
567	7
568	7
569	7
56	1
570	7
571	7
572	7
573	7
574	7
575	7
576	6
577	6
578	6
579	6
57	1
580	6
581	6
582	6
583	6
584	6
585	6
586	6
587	6
588	6
589	6
58	1
590	6
591	6
592	6
593	6
594	6
595	6
596	6
597	6
598	6
599	6
5	1
600	6
601	6
602	6
603	6
605	6
606	6
607	6
608	6
609	6
60	1
610	6
611	6
612	6
613	6
614	6
615	6
616	6
617	6
618	9
619	9
61	1
620	9
621	9
622	9
623	9
624	9
625	9
626	9
627	9
628	9
629	9
62	1
630	9
631	9
632	9
633	9
634	9
635	9
636	9
637	9
639	9
63	1
640	9
641	9
642	9
643	9
644	9
645	9
646	9
647	9
648	9
649	9
64	1
650	9
651	9
652	9
653	9
654	9
655	9
656	9
657	9
659	9
65	1
660	9
661	9
662	9
663	9
664	9
665	9
666	9
667	9
668	9
669	9
66	1
670	9
671	9
673	9
674	9
675	9
676	9
678	9
679	9
67	1
680	9
681	9
682	9
683	9
684	9
685	9
686	9
687	9
688	9
689	9
68	1
690	9
691	9
692	9
693	9
694	9
695	9
696	9
697	9
698	9
699	9
69	1
6	1
700	9
701	9
702	9
703	9
704	9
705	9
706	9
707	9
708	9
709	9
70	1
710	9
711	9
712	9
713	9
714	9
715	9
717	9
718	9
719	9
71	1
720	9
721	9
722	9
723	9
724	9
725	9
726	9
727	9
728	9
729	9
72	1
730	9
731	9
732	9
733	9
734	9
735	9
736	9
737	9
738	9
739	9
73	1
740	9
741	9
742	9
743	9
744	9
745	9
746	9
747	9
748	9
749	9
74	1
750	9
751	9
752	9
753	9
754	9
755	9
756	9
757	9
758	9
759	9
75	1
760	9
761	9
762	9
763	9
764	9
765	9
766	9
767	9
768	9
769	9
76	1
770	9
771	9
772	9
773	9
774	9
775	9
776	9
777	9
778	9
779	9
77	1
780	9
781	9
782	9
783	9
784	9
785	9
786	9
787	9
788	9
789	9
78	1
790	9
791	9
792	9
793	9
794	9
795	9
796	9
797	9
798	9
799	9
79	1
7	1
800	9
801	9
802	9
803	9
804	9
805	9
808	9
809	9
80	1
810	9
811	9
812	9
813	9
814	9
815	9
816	9
817	9
818	9
819	9
81	1
820	9
821	9
822	9
823	9
824	9
825	9
826	9
827	9
828	9
829	9
82	1
830	9
831	9
832	9
833	9
834	9
835	9
836	9
837	9
838	9
839	9
83	1
840	9
841	9
842	9
843	9
845	9
846	9
847	9
848	9
849	9
84	1
850	9
851	9
852	9
853	9
854	9
855	9
856	9
857	9
858	9
859	9
85	1
860	9
861	9
862	9
863	9
864	9
865	9
866	9
867	9
868	9
869	9
86	1
870	9
871	9
872	9
873	9
874	9
875	9
876	9
877	9
878	9
879	9
87	1
880	9
881	9
882	9
883	9
884	9
885	9
886	9
887	9
888	9
889	9
88	1
890	9
891	9
892	9
893	9
894	9
895	9
896	9
897	9
898	18
899	18
89	1
8	1
900	18
901	18
902	18
903	18
904	18
905	18
906	18
907	18
908	18
909	18
90	1
910	18
911	18
912	18
915	18
916	18
917	18
918	18
919	18
91	1
920	18
922	18
923	18
924	18
925	18
926	18
927	18
928	18
929	18
92	1
930	18
931	18
932	18
933	18
934	18
935	18
936	18
937	18
938	18
939	18
93	1
940	18
942	18
943	18
944	18
945	18
946	18
947	18
948	18
949	18
94	1
950	18
951	18
952	18
953	18
954	18
955	18
956	18
958	18
95	1
960	18
961	18
962	18
963	18
964	18
965	18
966	18
967	18
968	18
96	1
970	18
971	18
972	18
973	18
974	18
975	18
976	18
978	18
979	18
97	1
980	18
981	18
982	18
983	18
984	18
985	9
986	9
987	9
988	9
989	9
98	1
990	9
991	9
992	9
993	9
994	9
995	9
996	9
997	9
998	9
999	9
99	1
9	1
