1	4	0.128564869307
1	9	0.0266500895445
1	12	0.109190218087
1	20	0.0674199862463
1	26	0.0298540717013
1	27	0.0321412173267
1	28	0.0247840798548
1	31	0.0360374985078
1	32	0.168811757074
1	33	0.150755672289
1	35	0.023986954644
1	37	0.101129979369
1	39	0.174077655956
1	42	0.0674199862463
1	46	0.0710669054519
1	50	0.0321412173267
1	53	0.0601520762317
1	56	0.122278997011
1	61	0.0258543844998
1	65	0.0254823595719
1	68	0.317881976603
1	69	0.0569802882298
1	76	0.188444590361
1	81	0.162459108322
1	83	0.0307728727448
1	86	0.0569802882298
1	87	0.490667919987
1	88	0.21029989117
1	92	0.0402911482013
1	93	0.0258543844998
1	94	0.0517087689995
2	6	0.0719117465297
2	10	0.0606339062591
2	11	0.0571661950475
2	12	0.0219581437546
2	13	0.0648203723552
2	14	0.0792118034381
2	17	0.0458349248514
2	18	0.0204980015423
2	19	0.0281941937217
2	21	0.0951302988309
2	23	0.0648203723552
2	25	0.0808452083454
2	26	0.0240146053214
2	27	0.0775631534993
2	28	0.0797452222829
2	29	0.0616041103634
2	31	0.0289885517826
2	34	0.0549235036381
2	35	0.0578852949509
2	37	0.0542326144547
2	38	0.171498585143
2	39	0.0700140042014
2	40	0.088561488554
2	42	0.0271163072273
2	45	0.0834622326112
2	46	0.142915487619
2	47	0.0680036124478
2	48	0.0439162875091
2	49	0.0261532890483
2	50	0.0517087689995
2	53	0.0725794650937
2	54	0.105021006302
2	55	0.0212717814906
2	56	0.0590167106523
2	58	0.0458349248514
2	60	0.12964074471
2	61	0.0415945165404
2	62	0.0719117465297
2	65	0.0204980015423
2	66	0.0606339062591
2	67	0.0289885517826
2	68	0.0752071046995
2	69	0.0305566165676
2	70	0.0365636212064
2	71	0.0258543844998
2	72	0.0548454318095
2	74	0.088561488554
2	76	0.0757923828239
2	78	0.0700140042014
2	80	0.143823493059
2	82	0.0495073771488
2	88	0.0281941937217
2	89	0.0138648388468
2	91	0.0786062476213
2	92	0.0648203723552
2	93	0.0831890330808
2	94	0.0415945165404
2	96	0.0535671584006
2	97	0.0762215933967
2	99	0.0357599269926
2	100	0.0415945165404
3	35	0.0750058600617
3	68	0.0292352673102
3	69	0.0296956935458
3	12	0.0426789599776
3	44	0.136082763488
3	82	0.0962250448649
4	1	0.128564869307
4	9	0.0376889180722
4	12	0.0386045718241
4	20	0.190692517849
4	21	0.167248402001
4	30	0.190692517849
4	32	0.108516307428
4	33	0.106600358178
4	37	0.0476731294623
4	39	0.246182981959
4	42	0.0953462589246
4	46	0.050251890763
4	53	0.021266970503
4	56	0.0691714463866
4	68	0.185110059872
4	69	0.0268607654675
4	73	0.213200716356
4	75	0.174077655956
4	76	0.133250447722
4	78	0.246182981959
4	81	0.11487593716
4	83	0.0145064713296
4	84	0.106600358178
4	87	0.083269107248
4	88	0.0495681597097
4	97	0.0335012605086
4	98	0.158361516493
4	100	0.146254484825
6	2	0.0719117465297
6	9	0.026207120918
6	10	0.0370624658331
6	12	0.0134219119775
6	14	0.0484182026135
6	18	0.0375882008274
6	22	0.0988332422215
6	23	0.0396214425875
6	26	0.029357847585
6	27	0.110624419717
6	28	0.121860637
6	29	0.0658971301483
6	31	0.141753982388
6	34	0.0503579746698
6	35	0.0825588810564
6	37	0.0165748386033
6	38	0.0786213627541
6	42	0.0165748386033
6	45	0.0850271279814
6	46	0.0873570697268
6	47	0.0415671976023
6	50	0.015803488531
6	52	0.132598708826
6	53	0.0739403113753
6	54	0.0534950615639
6	56	0.0120246517561
6	61	0.101698567236
6	62	0.0769230769231
6	63	0.0248622579049
6	65	0.0125294002758
6	66	0.0370624658331
6	67	0.0354384955969
6	68	0.00919406622565
6	69	0.00933886357801
6	71	0.015803488531
6	72	0.0446990156268
6	73	0.0741249316661
6	76	0.0741249316661
6	80	0.32967032967
6	81	0.0133132307396
6	83	0.0100871255445
6	87	0.0386009765206
6	91	0.134534558799
6	92	0.079242885175
6	93	0.0635616045226
6	99	0.131149499096
6	100	0.025424641809
7	65	0.0451753951453
7	90	0.267261241912
7	38	0.0944911182523
7	49	0.0576390417704
7	40	0.19518001459
7	10	0.133630620956
7	76	0.0334076552391
7	14	0.130930734142
7	47	0.0299745324665
7	17	0.606091526731
7	74	0.487950036474
7	46	0.0629940788349
7	57	0.169030850946
7	58	0.20203050891
7	28	0.0878749550327
7	29	0.0339422116651
7	85	0.661437827766
8	64	0.133630620956
8	51	0.133630620956
9	1	0.0266500895445
9	4	0.0376889180722
9	6	0.026207120918
9	12	0.112032269941
9	13	0.0472455591262
9	14	0.0144337567297
9	17	0.0334076552391
9	20	0.0395284707521
9	23	0.0472455591262
9	26	0.105021006302
9	27	0.0188444590361
9	28	0.029061909686
9	29	0.0112253313767
9	35	0.0140635987616
9	36	0.121666065848
9	37	0.0197642353761
9	42	0.0197642353761
9	44	0.102062072616
9	50	0.0942222951806
9	53	0.0176336403965
9	54	0.038273277231
9	55	0.0620173672946
9	56	0.0286769667338
9	63	0.0592927061282
9	65	0.0298807152334
9	66	0.0147313912747
9	68	0.0109632252413
9	70	0.0266500895445
9	71	0.0188444590361
9	76	0.0441941738242
9	80	0.013103560459
9	81	0.0793750793751
9	83	0.0120281306081
9	86	0.0668153104781
9	91	0.0343761936386
9	92	0.0354341693446
9	93	0.0151584765648
9	94	0.0303169531295
10	2	0.0606339062591
10	6	0.0370624658331
10	7	0.133630620956
10	17	0.0944911182523
10	19	0.116247638744
10	21	0.0980580675691
10	25	0.166666666667
10	27	0.213200716356
10	29	0.03175003175
10	31	0.0597614304667
10	37	0.167705098312
10	39	0.144337567297
10	40	0.182574185835
10	42	0.0559016994375
10	47	0.0560772154092
10	49	0.0539163866017
10	50	0.0533001790889
10	53	0.0249377334027
10	55	0.0438529009654
10	56	0.0811107105654
10	58	0.0944911182523
10	60	0.133630620956
10	62	0.111187397499
10	65	0.126773138209
10	67	0.0597614304667
10	69	0.0314970394174
10	70	0.0753778361444
10	74	0.182574185835
10	76	0.03125
10	78	0.144337567297
10	80	0.0741249316661
10	89	0.0285830975238
10	91	0.0648203723552
10	92	0.267261241912
10	94	0.171498585143
10	96	0.110431526075
10	97	0.117851130198
10	100	0.0857492925713
11	65	0.0398409536445
11	2	0.0571661950475
11	68	0.0292352673102
11	69	0.0593913870916
11	38	0.0833333333333
11	71	0.100503781526
11	76	0.0294627825494
11	52	0.105409255339
11	53	0.0235115205286
11	70	0.0710669054519
11	95	0.0860662965824
12	1	0.109190218087
12	2	0.0219581437546
12	3	0.0426789599776
12	4	0.0386045718241
12	6	0.0134219119775
12	9	0.112032269941
12	13	0.0483933918496
12	14	0.0147844254191
12	15	0.156812512047
12	18	0.0153033341946
12	20	0.0404888165089
12	24	0.0522708373489
12	26	0.125501245094
12	27	0.0193022859121
12	28	0.044651954893
12	31	0.0216421827675
12	32	0.0737303702819
12	33	0.0452678730213
12	34	0.102511546013
12	35	0.028810548897
12	36	0.0415406492397
12	37	0.0202444082545
12	39	0.0522708373489
12	42	0.0202444082545
12	43	0.0293736747723
12	44	0.0522708373489
12	45	0.0207703246199
12	46	0.0640184399664
12	47	0.0101539850661
12	48	0.016393442623
12	50	0.0579068577362
12	53	0.0270930755787
12	54	0.0261354186745
12	56	0.0293736747723
12	59	0.0226339365106
12	60	0.0483933918496
12	61	0.0310535047022
12	62	0.0402657359325
12	65	0.0153033341946
12	66	0.0452678730213
12	68	0.112295772312
12	69	0.0456257273886
12	70	0.0272975545216
12	71	0.0193022859121
12	76	0.0792187777872
12	80	0.0402657359325
12	81	0.0487821000366
12	82	0.0369610635477
12	83	0.0123203545159
12	87	0.0353602505463
12	88	0.0210491333987
12	91	0.0469484861595
12	92	0.0483933918496
12	93	0.0465802570533
12	94	0.0310535047022
12	96	0.0399920023992
12	97	0.0426789599776
12	98	0.0168120659785
13	80	0.0396214425875
13	2	0.0648203723552
13	67	0.0638876565
13	38	0.0944911182523
13	71	0.0569802882298
13	9	0.0472455591262
13	12	0.0483933918496
13	45	0.0613139339485
13	93	0.0458349248514
13	76	0.0334076552391
13	53	0.0266595583987
13	88	0.0621369766001
13	25	0.0890870806375
13	59	0.0668153104781
13	92	0.0357142857143
13	61	0.0458349248514
14	2	0.0792118034381
14	6	0.0484182026135
14	7	0.130930734142
14	9	0.0144337567297
14	12	0.0147844254191
14	17	0.185164019955
14	18	0.0276026223737
14	25	0.0272165526976
14	26	0.0970142500145
14	27	0.0348155311911
14	28	0.0805387266257
14	29	0.0622171016838
14	32	0.0581820144446
14	35	0.0129913960492
14	36	0.0374634324633
14	37	0.0182574185835
14	38	0.144337567297
14	45	0.0749268649265
14	46	0.019245008973
14	47	0.00915737092991
14	50	0.104446593573
14	52	0.036514837167
14	53	0.122169444356
14	54	0.0353553390593
14	55	0.0143222974808
14	56	0.0132453235707
14	61	0.0280056016806
14	62	0.0121045506534
14	65	0.0276026223737
14	66	0.068041381744
14	68	0.0405095746833
14	69	0.0102868899975
14	71	0.0348155311911
14	72	0.0246182981959
14	76	0.0306186217848
14	80	0.0484182026135
14	83	0.0166666666667
14	85	0.0866025403784
14	87	0.0531494003453
14	91	0.0105851224805
14	92	0.0109108945118
14	93	0.0420084025208
14	94	0.0560112033611
14	98	0.0151619608716
15	34	0.0653720450461
15	12	0.156812512047
15	80	0.0427960492511
15	19	0.201346816564
15	91	0.0374240594283
15	93	0.0495073771488
15	62	0.0427960492511
17	2	0.0458349248514
17	7	0.606091526731
17	9	0.0334076552391
17	10	0.0944911182523
17	14	0.185164019955
17	19	0.0439374775164
17	21	0.0741249316661
17	25	0.0629940788349
17	27	0.120873444604
17	28	0.0621369766001
17	29	0.0720023041106
17	31	0.0451753951453
17	37	0.0422577127364
17	38	0.0668153104781
17	39	0.218217890236
17	40	0.207019667803
17	42	0.0845154254729
17	46	0.0445435403187
17	47	0.0635855855099
17	49	0.0815139145939
17	53	0.0188511545272
17	55	0.0331496772066
17	56	0.0613139339485
17	57	0.119522860933
17	58	0.214285714286
17	60	0.101015254455
17	62	0.0560331814681
17	65	0.03194382825
17	70	0.11396057646
17	74	0.414039335605
17	76	0.0472455591262
17	78	0.109108945118
17	80	0.0560331814681
17	85	0.534522483825
17	89	0.0216067907851
17	90	0.188982236505
17	91	0.0244997978775
17	92	0.0757614408414
17	94	0.0648203723552
17	97	0.0296956935458
17	100	0.0648203723552
18	2	0.0204980015423
18	6	0.0375882008274
18	12	0.0153033341946
18	14	0.0276026223737
18	22	0.0563436169819
18	26	0.0334730963502
18	27	0.0360374985078
18	28	0.0416827510783
18	29	0.0214669395371
18	32	0.0258103313623
18	34	0.0382779501175
18	35	0.0537894898881
18	36	0.0193891683582
18	38	0.0298807152334
18	42	0.0377964473009
18	44	0.0487950036474
18	47	0.00947877943928
18	48	0.0612133367783
18	49	0.0182270654144
18	53	0.00843049259543
18	54	0.0487950036474
18	55	0.0148249863332
18	56	0.0137102124277
18	60	0.0903507902905
18	61	0.0144942758913
18	62	0.0626470013791
18	63	0.00944911182523
18	67	0.020203050891
18	68	0.0314485451017
18	69	0.03194382825
18	71	0.0180187492539
18	72	0.0254823595719
18	76	0.0105644281841
18	79	0.0487950036474
18	80	0.0375882008274
18	81	0.0303588370359
18	83	0.0115010926557
18	86	0.0638876565
18	91	0.0657398561869
18	93	0.0869656553479
18	94	0.0289885517826
18	98	0.0156941205144
19	2	0.0281941937217
19	10	0.116247638744
19	15	0.201346816564
19	17	0.0439374775164
19	21	0.0455960752588
19	25	0.0774984258292
19	27	0.0991363194193
19	29	0.0590538595357
19	31	0.0277885007188
19	33	0.116247638744
19	37	0.0259937622455
19	39	0.0671156055214
19	40	0.0848952719956
19	42	0.0259937622455
19	47	0.0521507510292
19	49	0.0501412210564
19	50	0.0247840798548
19	53	0.0115958104947
19	54	0.0335578027607
19	55	0.0203911847572
19	56	0.0565735714804
19	58	0.0439374775164
19	60	0.0621369766001
19	62	0.0344673931129
19	65	0.0392988745946
19	67	0.0277885007188
19	69	0.0146458258388
19	70	0.0350499818616
19	74	0.0848952719956
19	76	0.014530954843
19	78	0.0671156055214
19	80	0.0861684827823
19	81	0.0208786922665
19	87	0.0302683069843
19	89	0.0531634815219
19	91	0.0150704304576
19	92	0.1242739532
19	93	0.0598089167122
19	94	0.0797452222829
19	96	0.0513496165963
19	97	0.18266554145
19	100	0.0398726111414
20	1	0.0674199862463
20	98	0.166090959707
20	4	0.190692517849
20	100	0.153392997769
20	39	0.129099444874
20	9	0.0395284707521
20	75	0.182574185835
20	12	0.0404888165089
20	78	0.258198889747
20	92	0.0597614304667
20	83	0.0152145154863
20	84	0.111803398875
20	21	0.175411603861
20	73	0.167705098312
20	68	0.0277350098113
20	28	0.0367607311047
20	30	0.2
20	53	0.0223049868373
21	2	0.0951302988309
21	4	0.167248402001
21	10	0.0980580675691
21	17	0.0741249316661
21	19	0.0455960752588
21	20	0.175411603861
21	25	0.0653720450461
21	27	0.125436301501
21	29	0.0249067740693
21	30	0.175411603861
21	31	0.0468807230938
21	36	0.0449921270666
21	37	0.0438529009654
21	39	0.226455406829
21	40	0.0716114874039
21	43	0.0636284762976
21	46	0.0462250163521
21	47	0.0439905870215
21	49	0.0422954934438
21	53	0.0978138378808
21	55	0.0344010458077
21	56	0.0318142381488
21	58	0.0741249316661
21	60	0.104828483672
21	61	0.0336336396998
21	62	0.058148380463
21	65	0.0662993544132
21	70	0.0591312395989
21	73	0.147087101354
21	74	0.0716114874039
21	75	0.160128153805
21	76	0.0245145168923
21	78	0.339683110243
21	80	0.058148380463
21	84	0.0980580675691
21	89	0.0224224264665
21	91	0.025424641809
21	92	0.0786213627541
21	93	0.0336336396998
21	94	0.0672672793996
21	97	0.0308166775681
21	98	0.145671408146
21	100	0.201801838199
22	6	0.0988332422215
22	18	0.0563436169819
22	23	0.0890870806375
22	25	0.0555555555556
22	26	0.0330049180992
22	27	0.0355334527259
22	28	0.0273998312176
22	31	0.0398409536445
22	32	0.033932439904
22	36	0.0382359556451
22	42	0.037267799625
22	44	0.0962250448649
22	47	0.0186924051364
22	48	0.120714328057
22	52	0.07453559925
22	54	0.0240562612162
22	56	0.0270369035218
22	62	0.0494166211107
22	65	0.028171808491
22	69	0.0629940788349
22	73	0.0416666666667
22	76	0.0208333333333
22	80	0.0988332422215
22	81	0.0299342170045
22	86	0.12598815767
22	91	0.0216067907851
23	65	0.0451753951453
23	2	0.0648203723552
23	91	0.0346479464338
23	54	0.115727512472
23	6	0.0396214425875
23	71	0.0569802882298
23	9	0.0472455591262
23	45	0.0613139339485
23	92	0.0357142857143
23	81	0.0960030721475
23	22	0.0890870806375
23	56	0.0433554984762
23	25	0.0890870806375
23	27	0.0569802882298
23	28	0.0439374775164
23	63	0.0896421457001
24	96	0.0637576713063
24	65	0.0487950036474
24	12	0.0522708373489
24	47	0.0323761954119
24	49	0.0622572806365
24	54	0.0416666666667
24	26	0.114332390095
24	62	0.0427960492511
25	2	0.0808452083454
25	10	0.166666666667
25	13	0.0890870806375
25	14	0.0272165526976
25	17	0.0629940788349
25	19	0.0774984258292
25	21	0.0653720450461
25	22	0.0555555555556
25	23	0.0890870806375
25	27	0.142133810904
25	29	0.0211666878334
25	31	0.0398409536445
25	37	0.037267799625
25	38	0.0589255650989
25	39	0.0962250448649
25	40	0.12171612389
25	42	0.037267799625
25	45	0.0382359556451
25	47	0.0373848102728
25	49	0.0359442577345
25	50	0.0355334527259
25	53	0.0665006224072
25	55	0.0292352673102
25	56	0.108147614087
25	58	0.0629940788349
25	60	0.0890870806375
25	61	0.0285830975238
25	62	0.0494166211107
25	65	0.0563436169819
25	67	0.079681907289
25	69	0.0209980262783
25	70	0.050251890763
25	71	0.0355334527259
25	72	0.0251259453815
25	74	0.12171612389
25	76	0.0416666666667
25	78	0.0962250448649
25	80	0.0494166211107
25	87	0.0216981518301
25	88	0.0387492129146
25	89	0.0381107966983
25	91	0.0216067907851
25	92	0.178174161275
25	93	0.0285830975238
25	94	0.171498585143
25	96	0.0736210173832
25	97	0.0785674201318
25	100	0.0571661950475
26	1	0.0298540717013
26	2	0.0240146053214
26	6	0.029357847585
26	9	0.105021006302
26	12	0.125501245094
26	14	0.0970142500145
26	18	0.0334730963502
26	22	0.0330049180992
26	24	0.114332390095
26	27	0.0422200330921
26	28	0.0488337760045
26	32	0.0201588731989
26	36	0.0681466275636
26	37	0.0221403721385
26	38	0.0350070021007
26	39	0.0571661950475
26	40	0.0361550763031
26	42	0.0664211164155
26	44	0.114332390095
26	45	0.0227155425212
26	47	0.0444197736435
26	50	0.0422200330921
26	52	0.044280744277
26	53	0.00987681418243
26	54	0.0714577438094
26	55	0.0173683368573
26	56	0.0481869424652
26	61	0.0339617805406
26	62	0.0733946189625
26	63	0.0110701860693
26	65	0.0669461927005
26	66	0.0330049180992
26	68	0.0491250750789
26	69	0.0124746864761
26	71	0.0633300496381
26	72	0.0298540717013
26	76	0.123768442872
26	81	0.0177835748507
26	83	0.00673710069545
26	86	0.112272178285
26	87	0.012890623033
26	91	0.0513453859379
26	93	0.0339617805406
26	94	0.0679235610811
26	96	0.0437374016841
26	98	0.0183865782838
27	1	0.0321412173267
27	2	0.0775631534993
27	6	0.110624419717
27	9	0.0188444590361
27	10	0.213200716356
27	12	0.0193022859121
27	14	0.0348155311911
27	17	0.120873444604
27	18	0.0360374985078
27	19	0.0991363194193
27	21	0.125436301501
27	22	0.0355334527259
27	23	0.0569802882298
27	25	0.142133810904
27	26	0.0422200330921
27	28	0.0350499818616
27	29	0.0541530361074
27	31	0.127411797859
27	32	0.0108516307428
27	36	0.0244557994022
27	37	0.0953462589246
27	38	0.0376889180722
27	39	0.184637236469
27	40	0.155699788832
27	42	0.0476731294623
27	44	0.0615457454897
27	45	0.0244557994022
27	47	0.0717342149788
27	49	0.0689700734808
27	50	0.0227272727273
27	51	0.0533001790889
27	53	0.0319004557544
27	54	0.0307728727448
27	55	0.0560968194005
27	56	0.0864643079833
27	58	0.120873444604
27	60	0.170940864689
27	61	0.0548454318095
27	62	0.126427908248
27	63	0.0357548470967
27	65	0.0900937462696
27	67	0.0254823595719
27	68	0.0661107356685
27	69	0.0402911482013
27	70	0.09642365198
27	71	0.0454545454545
27	73	0.0533001790889
27	74	0.155699788832
27	76	0.0533001790889
27	78	0.184637236469
27	80	0.142231396779
27	81	0.0191459895267
27	86	0.0805822964025
27	87	0.0138781845413
27	89	0.0365636212064
27	91	0.110557998565
27	92	0.199431008804
27	93	0.0182818106032
27	94	0.219381727238
27	96	0.0470881609348
27	97	0.0837531512716
27	98	0.0197951895616
27	100	0.109690863619
28	1	0.0247840798548
28	2	0.0797452222829
28	6	0.121860637
28	7	0.0878749550327
28	9	0.029061909686
28	12	0.044651954893
28	14	0.0805387266257
28	17	0.0621369766001
28	18	0.0416827510783
28	20	0.0367607311047
28	22	0.0273998312176
28	23	0.0439374775164
28	26	0.0488337760045
28	27	0.0350499818616
28	29	0.104393461332
28	30	0.0367607311047
28	32	0.016735376271
28	34	0.0372290395525
28	35	0.0784732871171
28	38	0.14530954843
28	40	0.0600300225188
28	45	0.0377157143202
28	46	0.0387492129146
28	47	0.267352085301
28	48	0.0297679699287
28	49	0.372279572972
28	53	0.0163989524684
28	54	0.0830513246283
28	56	0.0266690373531
28	58	0.0621369766001
28	60	0.0439374775164
28	61	0.0281941937217
28	62	0.2071630829
28	63	0.101092010538
28	65	0.0416827510783
28	66	0.0547996624351
28	68	0.0509779618929
28	71	0.0700999637233
28	72	0.0619601996371
28	74	0.0600300225188
28	76	0.0924744303593
28	80	0.0731163821999
28	81	0.0147634648839
28	83	0.00559296712678
28	84	0.0821994936527
28	85	0.0581238193719
28	90	0.123299240479
28	91	0.138533246435
28	92	0.0219687387582
28	93	0.225553549774
28	94	0.0281941937217
28	98	0.0152640627718
28	99	0.0242393082782
29	2	0.0616041103634
29	6	0.0658971301483
29	7	0.0339422116651
29	9	0.0112253313767
29	10	0.03175003175
29	14	0.0622171016838
29	17	0.0720023041106
29	18	0.0214669395371
29	19	0.0590538595357
29	21	0.0249067740693
29	25	0.0211666878334
29	27	0.0541530361074
29	28	0.104393461332
29	31	0.0455382555539
29	33	0.15875015875
29	34	0.0287598654272
29	35	0.111139463739
29	36	0.0291358273374
29	37	0.0283980917124
29	38	0.0449013255067
29	39	0.0366617787553
29	40	0.023186944788
29	42	0.0141990458562
29	45	0.0291358273374
29	46	0.0299342170045
29	47	0.0284872539151
29	49	0.0410843276749
29	50	0.0270765180537
29	53	0.0253367624739
29	54	0.054992668133
29	55	0.0111386479839
29	56	0.0412042821715
29	58	0.0720023041106
29	60	0.0339422116651
29	61	0.0435606841869
29	62	0.0564832544129
29	63	0.0141990458562
29	65	0.0429338790741
29	66	0.0211666878334
29	70	0.0191459895267
29	72	0.0382919790534
29	74	0.023186944788
29	76	0.00793750793751
29	78	0.0366617787553
29	80	0.0847248816193
29	84	0.03175003175
29	85	0.0224506627533
29	87	0.0496020246857
29	88	0.0442903946518
29	89	0.0435606841869
29	91	0.115250737298
29	92	0.0339422116651
29	93	0.0217803420935
29	94	0.0217803420935
29	96	0.0140248178363
29	97	0.00997807233482
29	98	0.0117916657659
29	100	0.0217803420935
30	65	0.0377964473009
30	66	0.111803398875
30	4	0.190692517849
30	100	0.153392997769
30	39	0.129099444874
30	73	0.167705098312
30	75	0.182574185835
30	98	0.166090959707
30	78	0.258198889747
30	20	0.2
30	21	0.175411603861
30	84	0.111803398875
30	28	0.0367607311047
31	1	0.0360374985078
31	2	0.0289885517826
31	6	0.141753982388
31	10	0.0597614304667
31	12	0.0216421827675
31	17	0.0451753951453
31	19	0.0277885007188
31	21	0.0468807230938
31	22	0.0398409536445
31	25	0.0398409536445
31	27	0.127411797859
31	29	0.0455382555539
31	32	0.0121671068873
31	37	0.0534522483825
31	39	0.0690065559342
31	40	0.0436435780472
31	43	0.0387783367165
31	45	0.0274204248554
31	47	0.0402150553133
31	48	0.0216421827675
31	49	0.0257769631113
31	51	0.0597614304667
31	52	0.0534522483825
31	53	0.0238450339319
31	55	0.0419313934689
31	56	0.0387783367165
31	58	0.0451753951453
31	60	0.0638876565
31	62	0.0354384955969
31	63	0.0400891862869
31	65	0.020203050891
31	68	0.0296499726664
31	69	0.0451753951453
31	70	0.0720749970156
31	73	0.0896421457001
31	74	0.0436435780472
31	76	0.0149403576167
31	78	0.0690065559342
31	80	0.124034734589
31	81	0.0214669395371
31	86	0.0451753951453
31	87	0.0155605511022
31	88	0.0277885007188
31	89	0.0136653343615
31	91	0.0154950327013
31	92	0.079859570625
31	94	0.0819920061691
31	97	0.0187812056606
31	99	0.0352453688425
31	100	0.204980015423
32	1	0.168811757074
32	4	0.108516307428
32	12	0.0737303702819
32	14	0.0581820144446
32	18	0.0258103313623
32	22	0.033932439904
32	26	0.0201588731989
32	27	0.0108516307428
32	28	0.016735376271
32	31	0.0121671068873
32	33	0.12724664964
32	34	0.0345788301742
32	36	0.0350308602116
32	37	0.0682877180409
32	39	0.146931774846
32	40	0.148684502133
32	42	0.0569064317007
32	45	0.0233539068078
32	46	0.0719815750749
32	48	0.036865185141
32	49	0.0109770872892
32	50	0.0217032614856
32	53	0.0660034549222
32	54	0.0293863549692
32	55	0.00892821555972
32	56	0.123852794032
32	61	0.0785614333585
32	62	0.00754571936743
32	63	0.147956722422
32	65	0.00860344378744
32	68	0.208335658284
32	69	0.0256505135324
32	71	0.227884245599
32	72	0.0460395701111
32	76	0.178145309496
32	80	0.0452743162046
32	81	0.155408375995
32	83	0.0173160757276
32	86	0.0192378851493
32	87	0.0993966164554
32	88	0.0591684902348
32	91	0.00659854016849
32	93	0.00872904815094
32	94	0.0174580963019
32	96	0.0112416333661
32	97	0.0159959055722
32	98	0.00945164385471
33	32	0.12724664964
33	1	0.150755672289
33	83	0.017010345436
33	4	0.106600358178
33	37	0.0559016994375
33	68	0.186052101884
33	39	0.144337567297
33	76	0.15625
33	42	0.0559016994375
33	12	0.0452678730213
33	46	0.0589255650989
33	81	0.179605302027
33	19	0.116247638744
33	89	0.0285830975238
33	87	0.162736138726
33	56	0.121666065848
33	36	0.114707866935
33	91	0.0324101861776
33	29	0.15875015875
33	88	0.0581238193719
34	2	0.0549235036381
34	6	0.0503579746698
34	12	0.102511546013
34	15	0.0653720450461
34	18	0.0382779501175
34	28	0.0372290395525
34	29	0.0287598654272
34	32	0.0345788301742
34	35	0.0540474745331
34	37	0.0506369683542
34	38	0.0400320384513
34	42	0.0253184841771
34	45	0.15585730004
34	54	0.032686022523
34	62	0.0335719831132
34	67	0.027066598098
34	71	0.0241402274793
34	72	0.0341394370999
34	76	0.0141534629268
34	80	0.0503579746698
34	91	0.0733946189625
34	92	0.0907841299003
34	93	0.0194183909345
34	97	0.0533760512684
34	98	0.0210258566766
35	1	0.023986954644
35	2	0.0578852949509
35	3	0.0750058600617
35	6	0.0825588810564
35	9	0.0140635987616
35	12	0.028810548897
35	14	0.0129913960492
35	18	0.0537894898881
35	28	0.0784732871171
35	29	0.111139463739
35	34	0.0540474745331
35	36	0.0547540074556
35	38	0.0843815925695
35	47	0.017845054878
35	49	0.017157429639
35	53	0.0238072745512
35	54	0.103345922739
35	55	0.0418649937543
35	61	0.0272873897272
35	62	0.0943530069216
35	63	0.0177892016741
35	65	0.0403421174161
35	66	0.0132592880696
35	67	0.0190174565282
35	68	0.029603020978
35	71	0.0169613382888
35	72	0.0719608639321
35	76	0.0099444660522
35	80	0.106147132787
35	83	0.0108261633744
35	85	0.0281271975232
35	89	0.0181915931515
35	91	0.123763966536
35	93	0.0545747794544
36	9	0.121666065848
36	12	0.0415406492397
36	14	0.0374634324633
36	18	0.0193891683582
36	21	0.0449921270666
36	22	0.0382359556451
36	26	0.0681466275636
36	27	0.0244557994022
36	29	0.0291358273374
36	32	0.0350308602116
36	33	0.114707866935
36	35	0.0547540074556
36	38	0.0405553552827
36	42	0.0769483764064
36	43	0.0372161463782
36	44	0.19867985356
36	45	0.0263157894737
36	50	0.0978231976089
36	52	0.0512989176043
36	53	0.0228844336386
36	61	0.0393444737682
36	62	0.0340108511926
36	65	0.0387783367165
36	67	0.0274204248554
36	68	0.0711387991531
36	73	0.0860309002015
36	75	0.0468292905791
36	76	0.0573539334676
36	80	0.0340108511926
36	86	0.173421993905
36	88	0.0266690373531
36	91	0.0892248797618
36	95	0.0418853908292
37	1	0.101129979369
37	2	0.0542326144547
37	4	0.0476731294623
37	6	0.0165748386033
37	9	0.0197642353761
37	10	0.167705098312
37	12	0.0202444082545
37	14	0.0182574185835
37	17	0.0422577127364
37	19	0.0259937622455
37	21	0.0438529009654
37	25	0.037267799625
37	26	0.0221403721385
37	27	0.0953462589246
37	29	0.0283980917124
37	31	0.0534522483825
37	32	0.0682877180409
37	33	0.0559016994375
37	34	0.0506369683542
37	39	0.129099444874
37	40	0.0408248290464
37	42	0.025
37	45	0.179546211615
37	46	0.0263523138347
37	47	0.0376177396932
37	49	0.0241121411085
37	50	0.0238365647311
37	53	0.0780674539305
37	55	0.0196116135138
37	56	0.126958343769
37	58	0.0422577127364
37	60	0.0597614304667
37	62	0.0497245158099
37	63	0.05
37	65	0.0755928946018
37	68	0.110940039245
37	69	0.0422577127364
37	70	0.0337099931232
37	71	0.0476731294623
37	74	0.0408248290464
37	76	0.0978279740156
37	78	0.0645497224368
37	80	0.0331496772066
37	81	0.0602414496677
37	83	0.00760725774313
37	86	0.0422577127364
37	87	0.058222250974
37	88	0.0259937622455
37	89	0.0127827498141
37	91	0.0289885517826
37	92	0.104582503317
37	93	0.0191741247212
37	94	0.0766964988847
37	96	0.0493864798325
37	97	0.0175682092232
37	100	0.0383482494424
38	2	0.171498585143
38	6	0.0786213627541
38	7	0.0944911182523
38	11	0.0833333333333
38	13	0.0944911182523
38	14	0.144337567297
38	17	0.0668153104781
38	18	0.0298807152334
38	25	0.0589255650989
38	26	0.0350070021007
38	27	0.0376889180722
38	28	0.14530954843
38	29	0.0449013255067
38	34	0.0400320384513
38	35	0.0843815925695
38	36	0.0405553552827
38	40	0.0645497224368
38	45	0.121666065848
38	46	0.0416666666667
38	53	0.0352672807929
38	54	0.051031036308
38	58	0.0668153104781
38	61	0.0909508593886
38	62	0.0524142418361
38	66	0.0294627825494
38	67	0.0422577127364
38	68	0.0877058019307
38	69	0.0445435403187
38	71	0.0753778361444
38	72	0.0533001790889
38	73	0.0883883476483
38	74	0.0645497224368
38	76	0.0883883476483
38	80	0.0786213627541
38	85	0.0625
38	88	0.0410997468263
38	90	0.0883883476483
38	91	0.0916698497028
38	93	0.121267812518
39	1	0.174077655956
39	2	0.0700140042014
39	4	0.246182981959
39	10	0.144337567297
39	12	0.0522708373489
39	17	0.218217890236
39	19	0.0671156055214
39	20	0.129099444874
39	21	0.226455406829
39	25	0.0962250448649
39	26	0.0571661950475
39	27	0.184637236469
39	29	0.0366617787553
39	30	0.129099444874
39	31	0.0690065559342
39	32	0.146931774846
39	33	0.144337567297
39	37	0.129099444874
39	40	0.105409255339
39	42	0.225924028529
39	46	0.068041381744
39	47	0.0647523908238
39	49	0.0622572806365
39	53	0.0431934212791
39	55	0.101273936708
39	56	0.140487871737
39	58	0.109108945118
39	60	0.154303349962
39	61	0.0495073771488
39	62	0.0855920985022
39	65	0.0487950036474
39	68	0.214834462212
39	69	0.0363696483727
39	70	0.174077655956
39	73	0.108253175473
39	74	0.105409255339
39	75	0.117851130198
39	76	0.433012701892
39	78	0.333333333333
39	80	0.0855920985022
39	81	0.15554275421
39	83	0.0589255650989
39	84	0.0721687836487
39	87	0.1127469042
39	88	0.0671156055214
39	89	0.0330049180992
39	91	0.0374240594283
39	92	0.115727512472
39	94	0.0990147542977
39	97	0.0453609211627
39	98	0.107211253484
39	100	0.198029508595
40	2	0.088561488554
40	7	0.19518001459
40	10	0.182574185835
40	17	0.207019667803
40	19	0.0848952719956
40	21	0.0716114874039
40	25	0.12171612389
40	26	0.0361550763031
40	27	0.155699788832
40	28	0.0600300225188
40	29	0.023186944788
40	31	0.0436435780472
40	32	0.148684502133
40	37	0.0408248290464
40	38	0.0645497224368
40	39	0.105409255339
40	42	0.0408248290464
40	46	0.0430331482912
40	47	0.0614295116834
40	49	0.0787499230958
40	50	0.0389249472081
40	53	0.0364238909805
40	55	0.032025630761
40	56	0.0592348877759
40	57	0.115470053838
40	58	0.414039335605
40	60	0.0975900072949
40	61	0.0313112145543
40	62	0.0541331961961
40	63	0.0612372435696
40	65	0.0617213399848
40	67	0.0436435780472
40	69	0.0230021853114
40	70	0.0550481882563
40	71	0.0778498944162
40	74	0.333333333333
40	76	0.0912870929175
40	78	0.105409255339
40	80	0.0541331961961
40	85	0.129099444874
40	86	0.0690065559342
40	89	0.0417482860723
40	90	0.456435464588
40	91	0.0236690534166
40	92	0.19518001459
40	94	0.125244858217
40	96	0.0806477838546
40	97	0.0860662965824
40	100	0.0626224291085
41	61	0.0458349248514
42	1	0.0674199862463
42	2	0.0271163072273
42	4	0.0953462589246
42	6	0.0165748386033
42	9	0.0197642353761
42	10	0.0559016994375
42	12	0.0202444082545
42	17	0.0845154254729
42	18	0.0377964473009
42	19	0.0259937622455
42	22	0.037267799625
42	25	0.037267799625
42	26	0.0664211164155
42	27	0.0476731294623
42	29	0.0141990458562
42	32	0.0569064317007
42	33	0.0559016994375
42	34	0.0253184841771
42	36	0.0769483764064
42	37	0.025
42	39	0.225924028529
42	40	0.0408248290464
42	44	0.0645497224368
42	46	0.105409255339
42	47	0.0125392465644
42	49	0.0241121411085
42	50	0.0476731294623
42	53	0.0111524934186
42	55	0.0392232270276
42	56	0.072547625011
42	61	0.0766964988847
42	62	0.0331496772066
42	65	0.0188982236505
42	67	0.0534522483825
42	68	0.124807544151
42	69	0.028171808491
42	73	0.0279508497187
42	74	0.0408248290464
42	75	0.0456435464588
42	76	0.251557647469
42	81	0.0602414496677
42	83	0.0228217732294
42	86	0.0422577127364
42	87	0.0436666882305
42	88	0.051987524491
42	91	0.0144942758913
42	92	0.0896421457001
42	94	0.0383482494424
42	96	0.0493864798325
42	97	0.0351364184463
42	98	0.0207613699634
43	65	0.0274204248554
43	36	0.0372161463782
43	69	0.0204379779828
43	70	0.0489115988045
43	12	0.0293736747723
43	45	0.0372161463782
43	48	0.0293736747723
43	21	0.0636284762976
43	92	0.0433554984762
43	53	0.0323634764189
43	31	0.0387783367165
44	65	0.0487950036474
44	3	0.136082763488
44	36	0.19867985356
44	69	0.0363696483727
44	91	0.149696237713
44	9	0.102062072616
44	42	0.0645497224368
44	12	0.0522708373489
44	82	0.117851130198
44	18	0.0487950036474
44	22	0.0962250448649
44	26	0.114332390095
44	27	0.0615457454897
44	86	0.327326835354
44	61	0.0495073771488
44	62	0.0855920985022
45	2	0.0834622326112
45	6	0.0850271279814
45	12	0.0207703246199
45	13	0.0613139339485
45	14	0.0749268649265
45	23	0.0613139339485
45	25	0.0382359556451
45	26	0.0227155425212
45	27	0.0244557994022
45	28	0.0377157143202
45	29	0.0291358273374
45	31	0.0274204248554
45	32	0.0233539068078
45	34	0.15585730004
45	36	0.0263157894737
45	37	0.179546211615
45	38	0.121666065848
45	43	0.0372161463782
45	46	0.0540738070436
45	47	0.025729991053
45	48	0.0207703246199
45	50	0.0489115988045
45	53	0.0915377345543
45	54	0.0165566544633
45	55	0.0603632727439
45	61	0.0393444737682
45	62	0.0170054255963
45	63	0.0384741882032
45	65	0.0193891683582
45	66	0.0191179778225
45	67	0.0274204248554
45	68	0.0142277598306
45	69	0.0144518328254
45	70	0.0345857231933
45	71	0.0489115988045
45	73	0.0573539334676
45	76	0.0286769667338
45	81	0.0206021410858
45	88	0.0266690373531
45	91	0.0148708132936
45	92	0.337226636717
45	93	0.0393444737682
45	97	0.0180246023479
46	1	0.0710669054519
46	2	0.142915487619
46	4	0.050251890763
46	6	0.0873570697268
46	7	0.0629940788349
46	12	0.0640184399664
46	14	0.019245008973
46	17	0.0445435403187
46	21	0.0462250163521
46	28	0.0387492129146
46	29	0.0299342170045
46	32	0.0719815750749
46	33	0.0589255650989
46	37	0.0263523138347
46	38	0.0416666666667
46	39	0.068041381744
46	40	0.0430331482912
46	42	0.105409255339
46	45	0.0540738070436
46	47	0.0528701057145
46	50	0.0753778361444
46	53	0.0822903218502
46	54	0.017010345436
46	55	0.103362278824
46	56	0.0764719112902
46	58	0.0445435403187
46	61	0.0606339062591
46	66	0.0392837100659
46	67	0.028171808491
46	68	0.0877058019307
46	69	0.0148478467729
46	72	0.017766726363
46	74	0.0860662965824
46	76	0.103119738923
46	81	0.0635000635001
46	82	0.0962250448649
46	83	0.00801875373874
46	85	0.0416666666667
46	87	0.0613716411932
46	88	0.0273998312176
46	90	0.0589255650989
46	91	0.0305566165676
46	92	0.0787425985436
46	93	0.0404226041727
46	96	0.0260289603148
47	2	0.0680036124478
47	6	0.0415671976023
47	7	0.0299745324665
47	10	0.0560772154092
47	12	0.0101539850661
47	14	0.00915737092991
47	17	0.0635855855099
47	18	0.00947877943928
47	19	0.0521507510292
47	21	0.0439905870215
47	22	0.0186924051364
47	24	0.0323761954119
47	25	0.0373848102728
47	26	0.0444197736435
47	27	0.0717342149788
47	28	0.267352085301
47	29	0.0284872539151
47	31	0.0402150553133
47	35	0.017845054878
47	37	0.0376177396932
47	39	0.0647523908238
47	40	0.0614295116834
47	42	0.0125392465644
47	45	0.025729991053
47	46	0.0528701057145
47	48	0.0101539850661
47	49	0.266066312648
47	50	0.0358671074894
47	52	0.0250784931288
47	53	0.061531300505
47	54	0.0404702442649
47	55	0.0491829714751
47	56	0.0545815534604
47	57	0.0354663451066
47	58	0.0635855855099
47	60	0.0899235973995
47	61	0.00961716310141
47	62	0.207835988012
47	63	0.100313972515
47	65	0.066351456075
47	69	0.0141301301133
47	70	0.0338158332364
47	71	0.0956456199718
47	72	0.0169079166182
47	73	0.0140193038523
47	74	0.102382519472
47	76	0.0280386077046
47	78	0.0647523908238
47	80	0.0831343952047
47	81	0.0201435304208
47	82	0.0457868546496
47	84	0.0280386077046
47	85	0.019826289643
47	89	0.0384686524056
47	90	0.0841158231138
47	91	0.0290795678677
47	92	0.059949064933
47	93	0.288514893042
47	94	0.0384686524056
47	96	0.0123853849513
47	97	0.0176233685715
47	100	0.0384686524056
48	2	0.0439162875091
48	12	0.016393442623
48	18	0.0612133367783
48	22	0.120714328057
48	28	0.0297679699287
48	31	0.0216421827675
48	32	0.036865185141
48	43	0.0293736747723
48	45	0.0207703246199
48	47	0.0101539850661
48	49	0.0195254411396
48	53	0.0180620503858
48	54	0.0522708373489
48	56	0.0587473495446
48	68	0.0449183089249
48	69	0.148283614013
48	70	0.0272975545216
48	72	0.0272975545216
48	81	0.0650428000487
48	86	0.171096477707
48	92	0.0241966959248
48	99	0.0533950699938
49	2	0.0261532890483
49	7	0.0576390417704
49	10	0.0539163866017
49	17	0.0815139145939
49	18	0.0182270654144
49	19	0.0501412210564
49	21	0.0422954934438
49	24	0.0622572806365
49	25	0.0359442577345
49	27	0.0689700734808
49	28	0.372279572972
49	29	0.0410843276749
49	31	0.0257769631113
49	32	0.0109770872892
49	35	0.017157429639
49	37	0.0241121411085
49	39	0.0622572806365
49	40	0.0787499230958
49	42	0.0241121411085
49	47	0.266066312648
49	48	0.0195254411396
49	50	0.0459800489872
49	53	0.0322692594026
49	55	0.0189151196964
49	56	0.0349855714271
49	57	0.068199433947
49	58	0.0815139145939
49	60	0.0576390417704
49	62	0.191834326682
49	63	0.0723364233256
49	65	0.0182270654144
49	66	0.0179721288672
49	67	0.0515539262226
49	69	0.0135856524323
49	70	0.0650256088762
49	72	0.0487692066572
49	74	0.0787499230958
49	76	0.0134790966504
49	78	0.0622572806365
49	80	0.0479585816704
49	84	0.107832773203
49	85	0.0381246425832
49	89	0.0369863360728
49	90	0.0539163866017
49	91	0.0279590420446
49	92	0.0432292813278
49	93	0.184931680364
49	94	0.0369863360728
49	97	0.0508328567775
49	100	0.0369863360728
50	1	0.0321412173267
50	2	0.0517087689995
50	6	0.015803488531
50	9	0.0942222951806
50	10	0.0533001790889
50	12	0.0579068577362
50	14	0.104446593573
50	19	0.0247840798548
50	25	0.0355334527259
50	26	0.0422200330921
50	27	0.0227272727273
50	29	0.0270765180537
50	32	0.0217032614856
50	36	0.0978231976089
50	37	0.0238365647311
50	40	0.0389249472081
50	42	0.0476731294623
50	45	0.0489115988045
50	46	0.0753778361444
50	47	0.0358671074894
50	49	0.0459800489872
50	52	0.0476731294623
50	53	0.138235308269
50	54	0.0307728727448
50	55	0.0560968194005
50	56	0.05187858479
50	61	0.0365636212064
50	63	0.0595914118278
50	65	0.0360374985078
50	67	0.101929438288
50	68	0.0396664414011
50	69	0.0805822964025
50	70	0.09642365198
50	72	0.04821182599
50	74	0.0778498944162
50	76	0.0533001790889
50	81	0.0382919790534
50	88	0.0247840798548
50	92	0.142450720575
50	93	0.0365636212064
50	94	0.0365636212064
50	96	0.0470881609348
50	97	0.0335012605086
50	98	0.0395903791232
51	69	0.0314970394174
51	8	0.133630620956
51	73	0.125
51	80	0.0370624658331
51	81	0.0449013255067
51	53	0.0249377334027
51	27	0.0533001790889
51	31	0.0597614304667
52	65	0.0377964473009
52	36	0.0512989176043
52	6	0.132598708826
52	72	0.0674199862463
52	73	0.0559016994375
52	11	0.105409255339
52	76	0.0838525491562
52	14	0.036514837167
52	47	0.0250784931288
52	80	0.132598708826
52	50	0.0476731294623
52	22	0.07453559925
52	87	0.029111125487
52	56	0.108821437517
52	26	0.044280744277
52	91	0.0289885517826
52	94	0.0766964988847
52	31	0.0534522483825
53	1	0.0601520762317
53	2	0.0725794650937
53	4	0.021266970503
53	6	0.0739403113753
53	9	0.0176336403965
53	10	0.0249377334027
53	11	0.0235115205286
53	12	0.0270930755787
53	13	0.0266595583987
53	14	0.122169444356
53	17	0.0188511545272
53	18	0.00843049259543
53	19	0.0115958104947
53	20	0.0223049868373
53	21	0.0978138378808
53	25	0.0665006224072
53	26	0.00987681418243
53	27	0.0319004557544
53	28	0.0163989524684
53	29	0.0253367624739
53	31	0.0238450339319
53	32	0.0660034549222
53	35	0.0238072745512
53	36	0.0228844336386
53	37	0.0780674539305
53	38	0.0352672807929
53	39	0.0431934212791
53	40	0.0364238909805
53	42	0.0111524934186
53	43	0.0323634764189
53	45	0.0915377345543
53	46	0.0822903218502
53	47	0.061531300505
53	48	0.0180620503858
53	49	0.0322692594026
53	50	0.138235308269
53	51	0.0249377334027
53	54	0.0215967106395
53	55	0.052492413754
53	56	0.0323634764189
53	58	0.0377023090544
53	60	0.0266595583987
53	61	0.0513214319427
53	62	0.0295761245501
53	63	0.0501862203839
53	65	0.0758744333589
53	66	0.0249377334027
53	67	0.107302652693
53	68	0.0247451611509
53	69	0.069120899933
53	70	0.0300760381159
53	71	0.0319004557544
53	72	0.0375950476448
53	74	0.0182119454903
53	76	0.0249377334027
53	78	0.028795614186
53	80	0.0295761245501
53	83	0.00339359567656
53	86	0.0377023090544
53	87	0.136357886869
53	88	0.0231916209895
53	89	0.0342142879618
53	91	0.00646589265943
53	92	0.0866435647959
53	93	0.0256607159713
53	94	0.0171071439809
53	95	0.0182119454903
53	96	0.011015647826
53	97	0.00783717350954
53	98	0.00926164167516
53	100	0.0171071439809
54	2	0.105021006302
54	6	0.0534950615639
54	9	0.038273277231
54	12	0.0261354186745
54	14	0.0353553390593
54	18	0.0487950036474
54	19	0.0335578027607
54	22	0.0240562612162
54	23	0.115727512472
54	24	0.0416666666667
54	26	0.0714577438094
54	27	0.0307728727448
54	28	0.0830513246283
54	29	0.054992668133
54	32	0.0293863549692
54	34	0.032686022523
54	35	0.103345922739
54	38	0.051031036308
54	45	0.0165566544633
54	46	0.017010345436
54	47	0.0404702442649
54	48	0.0522708373489
54	50	0.0307728727448
54	53	0.0215967106395
54	55	0.0379777262656
54	56	0.0234146452895
54	58	0.054554472559
54	61	0.0495073771488
54	62	0.0534950615639
54	63	0.0645497224368
54	65	0.0365962527356
54	66	0.0481125224325
54	68	0.0268543077765
54	69	0.0454620604658
54	71	0.0461593091172
54	72	0.0435194139889
54	76	0.0180421959122
54	80	0.128388147753
54	81	0.0777713771048
54	86	0.0272772362795
54	88	0.0335578027607
54	89	0.0165024590496
54	90	0.0360843918244
54	91	0.102916163428
54	92	0.00964395937263
54	93	0.0247536885744
54	94	0.0247536885744
54	96	0.0478182534798
54	97	0.034020690872
54	98	0.0134014066855
55	2	0.0212717814906
55	9	0.0620173672946
55	10	0.0438529009654
55	14	0.0143222974808
55	17	0.0331496772066
55	18	0.0148249863332
55	19	0.0203911847572
55	21	0.0344010458077
55	25	0.0292352673102
55	26	0.0173683368573
55	27	0.0560968194005
55	29	0.0111386479839
55	31	0.0419313934689
55	32	0.00892821555972
55	35	0.0418649937543
55	37	0.0196116135138
55	39	0.101273936708
55	40	0.032025630761
55	42	0.0392232270276
55	45	0.0603632727439
55	46	0.103362278824
55	47	0.0491829714751
55	49	0.0189151196964
55	50	0.0560968194005
55	53	0.052492413754
55	54	0.0379777262656
55	56	0.0142277598306
55	58	0.0331496772066
55	60	0.0468807230938
55	61	0.0451242628197
55	62	0.0520094925987
55	63	0.0588348405415
55	65	0.0148249863332
55	67	0.0209656967344
55	70	0.0264442942674
55	74	0.032025630761
55	76	0.0767425766894
55	78	0.0506369683542
55	80	0.0260047462993
55	81	0.0787621352263
55	83	0.00596762395033
55	85	0.0310086836473
55	89	0.0100276139599
55	91	0.0113702454777
55	92	0.0468807230938
55	93	0.0150414209399
55	94	0.0300828418798
55	97	0.0137816371766
55	98	0.0162865585496
55	100	0.0300828418798
56	1	0.122278997011
56	2	0.0590167106523
56	4	0.0691714463866
56	6	0.0120246517561
56	9	0.0286769667338
56	10	0.0811107105654
56	12	0.0293736747723
56	14	0.0132453235707
56	17	0.0613139339485
56	18	0.0137102124277
56	19	0.0565735714804
56	21	0.0318142381488
56	22	0.0270369035218
56	23	0.0433554984762
56	25	0.108147614087
56	26	0.0481869424652
56	27	0.0864643079833
56	28	0.0266690373531
56	29	0.0412042821715
56	31	0.0387783367165
56	32	0.123852794032
56	33	0.121666065848
56	37	0.126958343769
56	39	0.140487871737
56	40	0.0592348877759
56	42	0.072547625011
56	46	0.0764719112902
56	47	0.0545815534604
56	48	0.0587473495446
56	49	0.0349855714271
56	50	0.05187858479
56	52	0.108821437517
56	53	0.0323634764189
56	54	0.0234146452895
56	55	0.0142277598306
56	58	0.0306569669742
56	60	0.0433554984762
56	62	0.0360739552683
56	63	0.0362738125055
56	65	0.041130637283
56	67	0.0775566734329
56	68	0.140847636402
56	69	0.0817519119313
56	70	0.0733673982067
56	71	0.0172928615967
56	72	0.0611394985056
56	74	0.0888523316639
56	76	0.121666065848
56	78	0.0468292905791
56	80	0.0360739552683
56	81	0.11654330935
56	82	0.0331133089266
56	83	0.0110377696422
56	86	0.0613139339485
56	87	0.0950374356965
56	88	0.0565735714804
56	89	0.0185471628025
56	91	0.0210305058434
56	92	0.11922762081
56	93	0.0139103721019
56	94	0.111282976815
56	96	0.035828718195
56	97	0.0509812741935
56	100	0.0278207442037
57	49	0.068199433947
57	40	0.115470053838
57	74	0.115470053838
57	7	0.169030850946
57	47	0.0354663451066
57	17	0.119522860933
57	85	0.111803398875
57	87	0.0411693484796
57	58	0.119522860933
57	59	0.0790569415042
57	90	0.158113883008
58	2	0.0458349248514
58	7	0.20203050891
58	10	0.0944911182523
58	17	0.214285714286
58	19	0.0439374775164
58	21	0.0741249316661
58	25	0.0629940788349
58	27	0.120873444604
58	28	0.0621369766001
58	29	0.0720023041106
58	31	0.0451753951453
58	37	0.0422577127364
58	38	0.0668153104781
58	39	0.109108945118
58	40	0.414039335605
58	46	0.0445435403187
58	47	0.0635855855099
58	49	0.0815139145939
58	53	0.0377023090544
58	54	0.054554472559
58	55	0.0331496772066
58	56	0.0306569669742
58	57	0.119522860933
58	60	0.101015254455
58	62	0.0840497722021
58	65	0.03194382825
58	69	0.0238095238095
58	70	0.0569802882298
58	74	0.276026223737
58	76	0.0472455591262
58	78	0.109108945118
58	80	0.0840497722021
58	85	0.133630620956
58	89	0.0432135815701
58	90	0.377964473009
58	91	0.0244997978775
58	92	0.0757614408414
58	94	0.0648203723552
58	97	0.0296956935458
58	100	0.0648203723552
59	57	0.0790569415042
59	12	0.0226339365106
59	13	0.0668153104781
60	2	0.12964074471
60	10	0.133630620956
60	12	0.0483933918496
60	17	0.101015254455
60	18	0.0903507902905
60	19	0.0621369766001
60	21	0.104828483672
60	25	0.0890870806375
60	27	0.170940864689
60	28	0.0439374775164
60	29	0.0339422116651
60	31	0.0638876565
60	37	0.0597614304667
60	39	0.154303349962
60	40	0.0975900072949
60	47	0.0899235973995
60	49	0.0576390417704
60	53	0.0266595583987
60	55	0.0468807230938
60	56	0.0433554984762
60	58	0.101015254455
60	62	0.079242885175
60	65	0.0451753951453
60	66	0.0445435403187
60	68	0.0662993544132
60	70	0.0805822964025
60	74	0.0975900072949
60	76	0.0334076552391
60	78	0.154303349962
60	80	0.198107212938
60	89	0.0305566165676
60	91	0.0346479464338
60	92	0.107142857143
60	94	0.0916698497028
60	97	0.167984210226
60	98	0.0496291666985
60	100	0.0916698497028
61	1	0.0258543844998
61	2	0.0415945165404
61	6	0.101698567236
61	12	0.0310535047022
61	13	0.0458349248514
61	14	0.0280056016806
61	18	0.0144942758913
61	21	0.0336336396998
61	25	0.0285830975238
61	26	0.0339617805406
61	27	0.0548454318095
61	28	0.0281941937217
61	29	0.0435606841869
61	32	0.0785614333585
61	35	0.0272873897272
61	36	0.0393444737682
61	38	0.0909508593886
61	39	0.0495073771488
61	40	0.0313112145543
61	41	0.0458349248514
61	42	0.0766964988847
61	44	0.0495073771488
61	45	0.0393444737682
61	46	0.0606339062591
61	47	0.00961716310141
61	50	0.0365636212064
61	53	0.0513214319427
61	54	0.0495073771488
61	55	0.0451242628197
61	63	0.0287611870818
61	65	0.0144942758913
61	67	0.0204980015423
61	68	0.0531794537264
61	69	0.0108033953925
61	71	0.0914090530159
61	73	0.0214373231428
61	75	0.0350070021007
61	76	0.0964679541427
61	80	0.0508492836181
61	81	0.0924061655451
61	83	0.00583450035012
61	87	0.0781452491206
61	88	0.0398726111414
61	91	0.0111166021473
61	93	0.0294117647059
61	94	0.0294117647059
61	98	0.0159232438825
62	2	0.0719117465297
62	6	0.0769230769231
62	10	0.111187397499
62	12	0.0402657359325
62	14	0.0121045506534
62	15	0.0427960492511
62	17	0.0560331814681
62	18	0.0626470013791
62	19	0.0344673931129
62	21	0.058148380463
62	22	0.0494166211107
62	24	0.0427960492511
62	25	0.0494166211107
62	26	0.0733946189625
62	27	0.126427908248
62	28	0.2071630829
62	29	0.0564832544129
62	31	0.0354384955969
62	32	0.00754571936743
62	34	0.0335719831132
62	35	0.0943530069216
62	36	0.0340108511926
62	37	0.0497245158099
62	38	0.0524142418361
62	39	0.0855920985022
62	40	0.0541331961961
62	42	0.0331496772066
62	44	0.0855920985022
62	45	0.0170054255963
62	47	0.207835988012
62	49	0.191834326682
62	53	0.0295761245501
62	54	0.0534950615639
62	55	0.0520094925987
62	56	0.0360739552683
62	58	0.0840497722021
62	60	0.079242885175
62	63	0.0580119351115
62	65	0.0626470013791
62	66	0.0123541552777
62	68	0.00919406622565
62	70	0.0446990156268
62	71	0.015803488531
62	72	0.0446990156268
62	74	0.0541331961961
62	76	0.0185312329165
62	78	0.0855920985022
62	80	0.120879120879
62	81	0.0266264614792
62	83	0.00504356277224
62	86	0.0560331814681
62	89	0.0423744030151
62	91	0.134534558799
62	92	0.0594321638813
62	93	0.177972492663
62	94	0.0508492836181
62	95	0.027066598098
62	96	0.0163714586482
62	97	0.0232952185938
62	98	0.0275293085062
62	100	0.0508492836181
63	6	0.0248622579049
63	9	0.0592927061282
63	18	0.00944911182523
63	23	0.0896421457001
63	26	0.0110701860693
63	27	0.0357548470967
63	28	0.101092010538
63	29	0.0141990458562
63	31	0.0400891862869
63	32	0.147956722422
63	35	0.0177892016741
63	37	0.05
63	40	0.0612372435696
63	45	0.0384741882032
63	47	0.100313972515
63	49	0.0723364233256
63	50	0.0595914118278
63	53	0.0501862203839
63	54	0.0645497224368
63	55	0.0588348405415
63	56	0.0362738125055
63	61	0.0287611870818
63	62	0.0580119351115
63	65	0.0661437827766
63	67	0.0267261241912
63	69	0.0493006648592
63	70	0.0337099931232
63	71	0.10726454129
63	72	0.0505649896847
63	81	0.110442657724
63	88	0.0259937622455
63	89	0.0255654996282
63	91	0.021741413837
63	92	0.022410536425
63	93	0.0575223741636
64	8	0.133630620956
65	1	0.0254823595719
65	2	0.0204980015423
65	6	0.0125294002758
65	7	0.0451753951453
65	9	0.0298807152334
65	10	0.126773138209
65	11	0.0398409536445
65	12	0.0153033341946
65	14	0.0276026223737
65	17	0.03194382825
65	19	0.0392988745946
65	21	0.0662993544132
65	22	0.028171808491
65	23	0.0451753951453
65	24	0.0487950036474
65	25	0.0563436169819
65	26	0.0669461927005
65	27	0.0900937462696
65	28	0.0416827510783
65	29	0.0429338790741
65	30	0.0377964473009
65	31	0.020203050891
65	32	0.00860344378744
65	35	0.0403421174161
65	36	0.0387783367165
65	37	0.0755928946018
65	39	0.0487950036474
65	40	0.0617213399848
65	42	0.0188982236505
65	43	0.0274204248554
65	44	0.0487950036474
65	45	0.0193891683582
65	47	0.066351456075
65	49	0.0182270654144
65	50	0.0360374985078
65	52	0.0377964473009
65	53	0.0758744333589
65	54	0.0365962527356
65	55	0.0148249863332
65	56	0.041130637283
65	58	0.03194382825
65	60	0.0451753951453
65	61	0.0144942758913
65	62	0.0626470013791
65	63	0.0661437827766
65	67	0.0404061017821
65	68	0.0104828483672
65	69	0.03194382825
65	70	0.0509647191438
65	71	0.0180187492539
65	72	0.0637058989297
65	74	0.0617213399848
65	76	0.0211288563682
65	78	0.0487950036474
65	80	0.0250588005516
65	81	0.015179418518
65	86	0.03194382825
65	87	0.0440118848136
65	88	0.0196494372973
65	89	0.0289885517826
65	91	0.0438265707913
65	92	0.101644639077
65	93	0.0289885517826
65	94	0.0869656553479
65	96	0.055999004471
65	97	0.0398409536445
65	100	0.0289885517826
66	2	0.0606339062591
66	6	0.0370624658331
66	9	0.0147313912747
66	12	0.0452678730213
66	14	0.068041381744
66	26	0.0330049180992
66	28	0.0547996624351
66	29	0.0211666878334
66	30	0.111803398875
66	35	0.0132592880696
66	38	0.0294627825494
66	45	0.0191179778225
66	46	0.0392837100659
66	49	0.0179721288672
66	53	0.0249377334027
66	54	0.0481125224325
66	60	0.0445435403187
66	62	0.0123541552777
66	67	0.0199204768222
66	69	0.0209980262783
66	76	0.0625
66	80	0.0370624658331
66	91	0.0540169769627
66	93	0.0285830975238
66	97	0.0392837100659
67	2	0.0289885517826
67	6	0.0354384955969
67	10	0.0597614304667
67	13	0.0638876565
67	18	0.020203050891
67	19	0.0277885007188
67	25	0.079681907289
67	27	0.0254823595719
67	34	0.027066598098
67	35	0.0190174565282
67	36	0.0274204248554
67	38	0.0422577127364
67	40	0.0436435780472
67	42	0.0534522483825
67	45	0.0274204248554
67	46	0.028171808491
67	49	0.0515539262226
67	50	0.101929438288
67	53	0.107302652693
67	55	0.0209656967344
67	56	0.0775566734329
67	61	0.0204980015423
67	63	0.0267261241912
67	65	0.0404061017821
67	66	0.0199204768222
67	68	0.0148249863332
67	69	0.0451753951453
67	70	0.0360374985078
67	71	0.0254823595719
67	72	0.0540562477617
67	74	0.0436435780472
67	76	0.0298807152334
67	80	0.0177192477985
67	85	0.0422577127364
67	88	0.0555770014377
67	92	0.09583148475
67	93	0.0204980015423
67	94	0.0409960030845
67	95	0.0436435780472
67	96	0.0527963677348
67	97	0.0563436169819
68	1	0.317881976603
68	2	0.0752071046995
68	3	0.0292352673102
68	4	0.185110059872
68	6	0.00919406622565
68	9	0.0109632252413
68	11	0.0292352673102
68	12	0.112295772312
68	14	0.0405095746833
68	18	0.0314485451017
68	20	0.0277350098113
68	26	0.0491250750789
68	27	0.0661107356685
68	28	0.0509779618929
68	31	0.0296499726664
68	32	0.208335658284
68	33	0.186052101884
68	35	0.029603020978
68	36	0.0711387991531
68	37	0.110940039245
68	38	0.0877058019307
68	39	0.214834462212
68	42	0.124807544151
68	45	0.0142277598306
68	46	0.0877058019307
68	48	0.0449183089249
68	50	0.0396664414011
68	53	0.0247451611509
68	54	0.0268543077765
68	56	0.140847636402
68	60	0.0662993544132
68	61	0.0531794537264
68	62	0.00919406622565
68	65	0.0104828483672
68	67	0.0148249863332
68	69	0.0703210846408
68	71	0.0396664414011
68	73	0.0775217091183
68	75	0.0759554525313
68	76	0.248069469178
68	81	0.211634311693
68	83	0.0379777262656
68	86	0.0468807230938
68	87	0.1614794702
68	88	0.129768705164
68	89	0.035452969151
68	91	0.00803997768105
68	92	0.0165748386033
68	93	0.0212717814906
68	94	0.0850871259623
68	95	0.0226455406829
68	96	0.013697345027
68	97	0.00974508910341
68	98	0.0345490079779
68	99	0.036575847798
69	1	0.0569802882298
69	2	0.0305566165676
69	3	0.0296956935458
69	4	0.0268607654675
69	6	0.00933886357801
69	10	0.0314970394174
69	11	0.0593913870916
69	12	0.0456257273886
69	14	0.0102868899975
69	18	0.03194382825
69	19	0.0146458258388
69	22	0.0629940788349
69	25	0.0209980262783
69	26	0.0124746864761
69	27	0.0402911482013
69	31	0.0451753951453
69	32	0.0256505135324
69	37	0.0422577127364
69	38	0.0445435403187
69	39	0.0363696483727
69	40	0.0230021853114
69	42	0.028171808491
69	43	0.0204379779828
69	44	0.0363696483727
69	45	0.0144518328254
69	46	0.0148478467729
69	47	0.0141301301133
69	48	0.148283614013
69	49	0.0135856524323
69	50	0.0805822964025
69	51	0.0314970394174
69	53	0.069120899933
69	54	0.0454620604658
69	56	0.0817519119313
69	58	0.0238095238095
69	61	0.0108033953925
69	63	0.0493006648592
69	65	0.03194382825
69	66	0.0209980262783
69	67	0.0451753951453
69	68	0.0703210846408
69	70	0.0949671470497
69	72	0.0569802882298
69	74	0.0230021853114
69	76	0.0314970394174
69	80	0.00933886357801
69	81	0.0452562822201
69	82	0.0257172249937
69	83	0.00428620416561
69	86	0.119047619048
69	87	0.0246033915653
69	88	0.0292916516776
69	92	0.0757614408414
69	93	0.0216067907851
69	94	0.0648203723552
69	96	0.0278261290377
69	97	0.0296956935458
70	2	0.0365636212064
70	9	0.0266500895445
70	10	0.0753778361444
70	11	0.0710669054519
70	12	0.0272975545216
70	17	0.11396057646
70	19	0.0350499818616
70	21	0.0591312395989
70	25	0.050251890763
70	27	0.09642365198
70	29	0.0191459895267
70	31	0.0720749970156
70	37	0.0337099931232
70	39	0.174077655956
70	40	0.0550481882563
70	43	0.0489115988045
70	45	0.0345857231933
70	47	0.0338158332364
70	48	0.0272975545216
70	49	0.0650256088762
70	50	0.09642365198
70	53	0.0300760381159
70	55	0.0264442942674
70	56	0.0733673982067
70	58	0.0569802882298
70	60	0.0805822964025
70	62	0.0446990156268
70	63	0.0337099931232
70	65	0.0509647191438
70	67	0.0360374985078
70	69	0.0949671470497
70	71	0.0642824346533
70	72	0.0681818181818
70	74	0.0550481882563
70	76	0.0188444590361
70	78	0.0870388279778
70	80	0.0446990156268
70	83	0.0102576242483
70	88	0.0350499818616
70	89	0.0172362563332
70	91	0.0195440776249
70	92	0.141019018704
70	93	0.0517087689995
70	94	0.0517087689995
70	95	0.0550481882563
70	96	0.0332963579106
70	97	0.023688968484
70	100	0.0517087689995
71	2	0.0258543844998
71	6	0.015803488531
71	9	0.0188444590361
71	11	0.100503781526
71	12	0.0193022859121
71	13	0.0569802882298
71	14	0.0348155311911
71	18	0.0180187492539
71	23	0.0569802882298
71	25	0.0355334527259
71	26	0.0633300496381
71	27	0.0454545454545
71	28	0.0700999637233
71	32	0.227884245599
71	34	0.0241402274793
71	35	0.0169613382888
71	37	0.0476731294623
71	38	0.0753778361444
71	40	0.0778498944162
71	45	0.0489115988045
71	47	0.0956456199718
71	53	0.0319004557544
71	54	0.0461593091172
71	56	0.0172928615967
71	61	0.0914090530159
71	62	0.015803488531
71	63	0.10726454129
71	65	0.0180187492539
71	67	0.0254823595719
71	68	0.0396664414011
71	70	0.0642824346533
71	76	0.0266500895445
71	81	0.0191459895267
71	88	0.0247840798548
71	91	0.0276394996411
71	93	0.0914090530159
71	94	0.0365636212064
71	95	0.0778498944162
71	98	0.0197951895616
72	2	0.0548454318095
72	6	0.0446990156268
72	14	0.0246182981959
72	18	0.0254823595719
72	25	0.0251259453815
72	26	0.0298540717013
72	28	0.0619601996371
72	29	0.0382919790534
72	32	0.0460395701111
72	34	0.0341394370999
72	35	0.0719608639321
72	38	0.0533001790889
72	46	0.017766726363
72	47	0.0169079166182
72	48	0.0272975545216
72	49	0.0487692066572
72	50	0.04821182599
72	52	0.0674199862463
72	53	0.0375950476448
72	54	0.0435194139889
72	56	0.0611394985056
72	62	0.0446990156268
72	63	0.0505649896847
72	65	0.0637058989297
72	67	0.0540562477617
72	69	0.0569802882298
72	70	0.0681818181818
72	74	0.0275240941282
72	75	0.0923186182345
72	80	0.0670485234402
72	82	0.0307728727448
72	86	0.0284901441149
72	87	0.0196267167995
72	88	0.0525749727925
72	89	0.00861812816658
72	91	0.0879483493118
72	92	0.030218361151
72	93	0.0258543844998
72	94	0.0775631534993
72	97	0.0355334527259
73	4	0.213200716356
73	6	0.0741249316661
73	20	0.167705098312
73	21	0.147087101354
73	22	0.0416666666667
73	27	0.0533001790889
73	30	0.167705098312
73	31	0.0896421457001
73	36	0.0860309002015
73	38	0.0883883476483
73	39	0.108253175473
73	42	0.0279508497187
73	45	0.0573539334676
73	47	0.0140193038523
73	51	0.125
73	52	0.0559016994375
73	61	0.0214373231428
73	68	0.0775217091183
73	75	0.204124145232
73	78	0.216506350946
73	80	0.111187397499
73	84	0.09375
73	88	0.029061909686
73	98	0.0928476690885
73	100	0.128623938857
74	2	0.088561488554
74	7	0.487950036474
74	10	0.182574185835
74	17	0.414039335605
74	19	0.0848952719956
74	21	0.0716114874039
74	25	0.12171612389
74	27	0.155699788832
74	28	0.0600300225188
74	29	0.023186944788
74	31	0.0436435780472
74	37	0.0408248290464
74	38	0.0645497224368
74	39	0.105409255339
74	40	0.333333333333
74	42	0.0408248290464
74	46	0.0860662965824
74	47	0.102382519472
74	49	0.0787499230958
74	50	0.0778498944162
74	53	0.0182119454903
74	55	0.032025630761
74	56	0.0888523316639
74	57	0.115470053838
74	58	0.276026223737
74	60	0.0975900072949
74	62	0.0541331961961
74	65	0.0617213399848
74	67	0.0436435780472
74	69	0.0230021853114
74	70	0.0550481882563
74	72	0.0275240941282
74	76	0.0456435464588
74	78	0.105409255339
74	80	0.0541331961961
74	82	0.07453559925
74	85	0.516397779494
74	89	0.0417482860723
74	90	0.273861278753
74	91	0.0236690534166
74	92	0.19518001459
74	94	0.125244858217
74	96	0.0806477838546
74	97	0.0860662965824
74	100	0.0626224291085
75	68	0.0759554525313
75	84	0.102062072616
75	98	0.151619608716
75	4	0.174077655956
75	100	0.140028008403
75	39	0.117851130198
75	72	0.0923186182345
75	73	0.204124145232
75	42	0.0456435464588
75	78	0.235702260396
75	20	0.182574185835
75	21	0.160128153805
75	88	0.0474578997876
75	36	0.0468292905791
75	61	0.0350070021007
75	30	0.182574185835
76	1	0.188444590361
76	2	0.0757923828239
76	4	0.133250447722
76	6	0.0741249316661
76	7	0.0334076552391
76	9	0.0441941738242
76	10	0.03125
76	11	0.0294627825494
76	12	0.0792187777872
76	13	0.0334076552391
76	14	0.0306186217848
76	17	0.0472455591262
76	18	0.0105644281841
76	19	0.014530954843
76	21	0.0245145168923
76	22	0.0208333333333
76	25	0.0416666666667
76	26	0.123768442872
76	27	0.0533001790889
76	28	0.0924744303593
76	29	0.00793750793751
76	31	0.0149403576167
76	32	0.178145309496
76	33	0.15625
76	34	0.0141534629268
76	35	0.0099444660522
76	36	0.0573539334676
76	37	0.0978279740156
76	38	0.0883883476483
76	39	0.433012701892
76	40	0.0912870929175
76	42	0.251557647469
76	45	0.0286769667338
76	46	0.103119738923
76	47	0.0280386077046
76	49	0.0134790966504
76	50	0.0533001790889
76	52	0.0838525491562
76	53	0.0249377334027
76	54	0.0180421959122
76	55	0.0767425766894
76	56	0.121666065848
76	58	0.0472455591262
76	60	0.0334076552391
76	61	0.0964679541427
76	62	0.0185312329165
76	65	0.0211288563682
76	66	0.0625
76	67	0.0298807152334
76	68	0.248069469178
76	69	0.0314970394174
76	70	0.0188444590361
76	71	0.0266500895445
76	74	0.0456435464588
76	78	0.0360843918244
76	80	0.0185312329165
76	81	0.16837997065
76	83	0.046778449949
76	85	0.0220970869121
76	86	0.0472455591262
76	87	0.122052104045
76	88	0.0871857290579
76	89	0.00714577438094
76	90	0.03125
76	91	0.0243076396332
76	92	0.0250557414293
76	93	0.053593307857
76	94	0.0428746462856
76	96	0.0138039407594
76	97	0.00982092751648
76	98	0.0116059586361
76	100	0.0214373231428
78	2	0.0700140042014
78	4	0.246182981959
78	10	0.144337567297
78	17	0.109108945118
78	19	0.0671156055214
78	20	0.258198889747
78	21	0.339683110243
78	25	0.0962250448649
78	27	0.184637236469
78	29	0.0366617787553
78	30	0.258198889747
78	31	0.0690065559342
78	37	0.0645497224368
78	39	0.333333333333
78	40	0.105409255339
78	47	0.0647523908238
78	49	0.0622572806365
78	53	0.028795614186
78	55	0.0506369683542
78	56	0.0468292905791
78	58	0.109108945118
78	60	0.154303349962
78	62	0.0855920985022
78	65	0.0487950036474
78	70	0.0870388279778
78	73	0.216506350946
78	74	0.105409255339
78	75	0.235702260396
78	76	0.0360843918244
78	80	0.0855920985022
78	84	0.144337567297
78	89	0.0330049180992
78	91	0.0374240594283
78	92	0.115727512472
78	94	0.0990147542977
78	97	0.0453609211627
78	98	0.214422506968
78	100	0.297044262893
79	18	0.0487950036474
79	91	0.0748481188565
80	2	0.143823493059
80	6	0.32967032967
80	9	0.013103560459
80	10	0.0741249316661
80	12	0.0402657359325
80	13	0.0396214425875
80	14	0.0484182026135
80	15	0.0427960492511
80	17	0.0560331814681
80	18	0.0375882008274
80	19	0.0861684827823
80	21	0.058148380463
80	22	0.0988332422215
80	25	0.0494166211107
80	27	0.142231396779
80	28	0.0731163821999
80	29	0.0847248816193
80	31	0.124034734589
80	32	0.0452743162046
80	34	0.0503579746698
80	35	0.106147132787
80	36	0.0340108511926
80	37	0.0331496772066
80	38	0.0786213627541
80	39	0.0855920985022
80	40	0.0541331961961
80	47	0.0831343952047
80	49	0.0479585816704
80	51	0.0370624658331
80	52	0.132598708826
80	53	0.0295761245501
80	54	0.128388147753
80	55	0.0260047462993
80	56	0.0360739552683
80	58	0.0840497722021
80	60	0.198107212938
80	61	0.0508492836181
80	62	0.120879120879
80	65	0.0250588005516
80	66	0.0370624658331
80	67	0.0177192477985
80	69	0.00933886357801
80	70	0.0446990156268
80	72	0.0670485234402
80	73	0.111187397499
80	74	0.0541331961961
80	76	0.0185312329165
80	78	0.0855920985022
80	89	0.016949761206
80	91	0.134534558799
80	92	0.0594321638813
80	93	0.0508492836181
80	94	0.0508492836181
80	97	0.139771311563
80	100	0.0508492836181
81	1	0.162459108322
81	4	0.11487593716
81	6	0.0133132307396
81	9	0.0793750793751
81	12	0.0487821000366
81	18	0.0303588370359
81	19	0.0208786922665
81	22	0.0299342170045
81	23	0.0960030721475
81	26	0.0177835748507
81	27	0.0191459895267
81	28	0.0147634648839
81	31	0.0214669395371
81	32	0.155408375995
81	33	0.179605302027
81	37	0.0602414496677
81	39	0.15554275421
81	42	0.0602414496677
81	45	0.0206021410858
81	46	0.0635000635001
81	47	0.0201435304208
81	48	0.0650428000487
81	50	0.0382919790534
81	51	0.0449013255067
81	54	0.0777713771048
81	55	0.0787621352263
81	56	0.11654330935
81	61	0.0924061655451
81	62	0.0266264614792
81	63	0.110442657724
81	65	0.015179418518
81	68	0.211634311693
81	69	0.0452562822201
81	71	0.0191459895267
81	76	0.16837997065
81	83	0.0183308893777
81	86	0.0339422116651
81	87	0.116913093386
81	88	0.0626360767994
81	91	0.0116420825543
81	92	0.0120003840184
81	93	0.0308020551817
81	98	0.0166759336491
82	2	0.0495073771488
82	3	0.0962250448649
82	69	0.0257172249937
82	72	0.0307728727448
82	12	0.0369610635477
82	74	0.07453559925
82	44	0.117851130198
82	46	0.0962250448649
82	47	0.0457868546496
82	87	0.0265747001726
82	56	0.0331133089266
82	92	0.054554472559
83	1	0.0307728727448
83	4	0.0145064713296
83	6	0.0100871255445
83	9	0.0120281306081
83	12	0.0123203545159
83	14	0.0166666666667
83	18	0.0115010926557
83	20	0.0152145154863
83	26	0.00673710069545
83	28	0.00559296712678
83	32	0.0173160757276
83	33	0.017010345436
83	35	0.0108261633744
83	37	0.00760725774313
83	39	0.0589255650989
83	42	0.0228217732294
83	46	0.00801875373874
83	53	0.00339359567656
83	55	0.00596762395033
83	56	0.0110377696422
83	61	0.00583450035012
83	62	0.00504356277224
83	68	0.0379777262656
83	69	0.00428620416561
83	70	0.0102576242483
83	76	0.046778449949
83	81	0.0183308893777
83	87	0.0132873500863
83	88	0.0079096499646
83	91	0.00441046770021
83	92	0.00909241209317
83	97	0.0106916716517
84	98	0.0928476690885
84	4	0.106600358178
84	39	0.0721687836487
84	73	0.09375
84	75	0.102062072616
84	78	0.144337567297
84	47	0.0280386077046
84	49	0.107832773203
84	20	0.111803398875
84	21	0.0980580675691
84	100	0.0857492925713
84	28	0.0821994936527
84	29	0.03175003175
84	30	0.111803398875
85	35	0.0281271975232
85	49	0.0381246425832
85	38	0.0625
85	7	0.661437827766
85	40	0.129099444874
85	74	0.516397779494
85	76	0.0220970869121
85	14	0.0866025403784
85	47	0.019826289643
85	17	0.534522483825
85	67	0.0422577127364
85	90	0.176776695297
85	46	0.0416666666667
85	55	0.0310086836473
85	57	0.111803398875
85	58	0.133630620956
85	28	0.0581238193719
85	29	0.0224506627533
86	1	0.0569802882298
86	9	0.0668153104781
86	18	0.0638876565
86	22	0.12598815767
86	26	0.112272178285
86	27	0.0805822964025
86	31	0.0451753951453
86	32	0.0192378851493
86	36	0.173421993905
86	37	0.0422577127364
86	40	0.0690065559342
86	42	0.0422577127364
86	44	0.327326835354
86	48	0.171096477707
86	53	0.0377023090544
86	54	0.0272772362795
86	56	0.0613139339485
86	62	0.0560331814681
86	65	0.03194382825
86	68	0.0468807230938
86	69	0.119047619048
86	72	0.0284901441149
86	76	0.0472455591262
86	81	0.0339422116651
86	87	0.0246033915653
86	91	0.122498989388
86	94	0.0648203723552
87	1	0.490667919987
87	4	0.083269107248
87	6	0.0386009765206
87	12	0.0353602505463
87	14	0.0531494003453
87	19	0.0302683069843
87	25	0.0216981518301
87	26	0.012890623033
87	27	0.0138781845413
87	29	0.0496020246857
87	31	0.0155605511022
87	32	0.0993966164554
87	33	0.162736138726
87	37	0.058222250974
87	39	0.1127469042
87	42	0.0436666882305
87	46	0.0613716411932
87	52	0.029111125487
87	53	0.136357886869
87	56	0.0950374356965
87	57	0.0411693484796
87	61	0.0781452491206
87	65	0.0440118848136
87	68	0.1614794702
87	69	0.0246033915653
87	72	0.0196267167995
87	76	0.122052104045
87	81	0.116913093386
87	82	0.0265747001726
87	83	0.0132873500863
87	86	0.0246033915653
87	88	0.166475688414
87	89	0.0148848093563
87	92	0.0521916750479
87	94	0.0446544280689
88	1	0.21029989117
88	2	0.0281941937217
88	4	0.0495681597097
88	12	0.0210491333987
88	13	0.0621369766001
88	25	0.0387492129146
88	29	0.0442903946518
88	31	0.0277885007188
88	32	0.0591684902348
88	33	0.0581238193719
88	36	0.0266690373531
88	37	0.0259937622455
88	38	0.0410997468263
88	39	0.0671156055214
88	42	0.051987524491
88	45	0.0266690373531
88	46	0.0273998312176
88	50	0.0247840798548
88	53	0.0231916209895
88	54	0.0335578027607
88	56	0.0565735714804
88	61	0.0398726111414
88	63	0.0259937622455
88	65	0.0196494372973
88	67	0.0555770014377
88	68	0.129768705164
88	69	0.0292916516776
88	70	0.0350499818616
88	71	0.0247840798548
88	72	0.0525749727925
88	73	0.029061909686
88	75	0.0474578997876
88	76	0.0871857290579
88	81	0.0626360767994
88	83	0.0079096499646
88	87	0.166475688414
88	92	0.01553424415
88	93	0.0398726111414
88	96	0.0256748082982
89	2	0.0138648388468
89	10	0.0285830975238
89	17	0.0216067907851
89	19	0.0531634815219
89	21	0.0224224264665
89	25	0.0381107966983
89	27	0.0365636212064
89	29	0.0435606841869
89	31	0.0136653343615
89	33	0.0285830975238
89	35	0.0181915931515
89	37	0.0127827498141
89	39	0.0330049180992
89	40	0.0417482860723
89	47	0.0384686524056
89	49	0.0369863360728
89	53	0.0342142879618
89	54	0.0165024590496
89	55	0.0100276139599
89	56	0.0185471628025
89	58	0.0432135815701
89	60	0.0305566165676
89	62	0.0423744030151
89	63	0.0255654996282
89	65	0.0289885517826
89	68	0.035452969151
89	70	0.0172362563332
89	72	0.00861812816658
89	74	0.0417482860723
89	76	0.00714577438094
89	78	0.0330049180992
89	80	0.016949761206
89	87	0.0148848093563
89	90	0.0285830975238
89	91	0.00741106809822
89	92	0.0229174624257
89	94	0.0392156862745
89	97	0.00898280092727
89	100	0.0588235294118
90	49	0.0539163866017
90	38	0.0883883476483
90	7	0.267261241912
90	40	0.456435464588
90	74	0.273861278753
90	76	0.03125
90	46	0.0589255650989
90	47	0.0841158231138
90	17	0.188982236505
90	85	0.176776695297
90	54	0.0360843918244
90	89	0.0285830975238
90	57	0.158113883008
90	58	0.377964473009
90	28	0.123299240479
91	2	0.0786062476213
91	6	0.134534558799
91	9	0.0343761936386
91	10	0.0648203723552
91	12	0.0469484861595
91	14	0.0105851224805
91	15	0.0374240594283
91	17	0.0244997978775
91	18	0.0657398561869
91	19	0.0150704304576
91	21	0.025424641809
91	22	0.0216067907851
91	23	0.0346479464338
91	25	0.0216067907851
91	26	0.0513453859379
91	27	0.110557998565
91	28	0.138533246435
91	29	0.115250737298
91	31	0.0154950327013
91	32	0.00659854016849
91	33	0.0324101861776
91	34	0.0733946189625
91	35	0.123763966536
91	36	0.0892248797618
91	37	0.0289885517826
91	38	0.0916698497028
91	39	0.0374240594283
91	40	0.0236690534166
91	42	0.0144942758913
91	44	0.149696237713
91	45	0.0148708132936
91	46	0.0305566165676
91	47	0.0290795678677
91	49	0.0279590420446
91	52	0.0289885517826
91	53	0.00646589265943
91	54	0.102916163428
91	55	0.0113702454777
91	56	0.0210305058434
91	58	0.0244997978775
91	60	0.0346479464338
91	61	0.0111166021473
91	62	0.134534558799
91	63	0.021741413837
91	65	0.0438265707913
91	66	0.0540169769627
91	68	0.00803997768105
91	70	0.0195440776249
91	71	0.0276394996411
91	72	0.0879483493118
91	74	0.0236690534166
91	76	0.0243076396332
91	78	0.0374240594283
91	79	0.0748481188565
91	80	0.134534558799
91	81	0.0116420825543
91	83	0.00441046770021
91	86	0.122498989388
91	89	0.00741106809822
91	92	0.0259859598253
91	93	0.0444664085893
91	94	0.0444664085893
91	97	0.0101855388559
91	98	0.0120368409653
91	100	0.0222332042947
92	1	0.0402911482013
92	2	0.0648203723552
92	6	0.079242885175
92	9	0.0354341693446
92	10	0.267261241912
92	12	0.0483933918496
92	13	0.0357142857143
92	14	0.0109108945118
92	17	0.0757614408414
92	19	0.1242739532
92	20	0.0597614304667
92	21	0.0786213627541
92	23	0.0357142857143
92	25	0.178174161275
92	27	0.199431008804
92	28	0.0219687387582
92	29	0.0339422116651
92	31	0.079859570625
92	34	0.0907841299003
92	37	0.104582503317
92	39	0.115727512472
92	40	0.19518001459
92	42	0.0896421457001
92	43	0.0433554984762
92	45	0.337226636717
92	46	0.0787425985436
92	47	0.059949064933
92	48	0.0241966959248
92	49	0.0432292813278
92	50	0.142450720575
92	53	0.0866435647959
92	54	0.00964395937263
92	55	0.0468807230938
92	56	0.11922762081
92	58	0.0757614408414
92	60	0.107142857143
92	62	0.0594321638813
92	63	0.022410536425
92	65	0.101644639077
92	67	0.09583148475
92	68	0.0165748386033
92	69	0.0757614408414
92	70	0.141019018704
92	72	0.030218361151
92	74	0.19518001459
92	76	0.0250557414293
92	78	0.115727512472
92	80	0.0594321638813
92	81	0.0120003840184
92	82	0.054554472559
92	83	0.00909241209317
92	87	0.0521916750479
92	88	0.01553424415
92	89	0.0229174624257
92	91	0.0259859598253
92	93	0.0114587312129
92	94	0.183339699406
92	96	0.162327367428
92	97	0.136487170809
92	100	0.0687523872771
93	1	0.0258543844998
93	2	0.0831890330808
93	6	0.0635616045226
93	9	0.0151584765648
93	12	0.0465802570533
93	13	0.0458349248514
93	14	0.0420084025208
93	15	0.0495073771488
93	18	0.0869656553479
93	19	0.0598089167122
93	21	0.0336336396998
93	25	0.0285830975238
93	26	0.0339617805406
93	27	0.0182818106032
93	28	0.225553549774
93	29	0.0217803420935
93	32	0.00872904815094
93	34	0.0194183909345
93	35	0.0545747794544
93	37	0.0191741247212
93	38	0.121267812518
93	45	0.0393444737682
93	46	0.0404226041727
93	47	0.288514893042
93	49	0.184931680364
93	50	0.0365636212064
93	53	0.0256607159713
93	54	0.0247536885744
93	55	0.0150414209399
93	56	0.0139103721019
93	61	0.0294117647059
93	62	0.177972492663
93	63	0.0575223741636
93	65	0.0289885517826
93	66	0.0285830975238
93	67	0.0204980015423
93	68	0.0212717814906
93	69	0.0216067907851
93	70	0.0517087689995
93	71	0.0914090530159
93	72	0.0258543844998
93	76	0.053593307857
93	80	0.0508492836181
93	81	0.0308020551817
93	88	0.0398726111414
93	91	0.0444664085893
93	92	0.0114587312129
93	96	0.018938850477
93	97	0.0134742013909
93	98	0.0159232438825
94	1	0.0517087689995
94	2	0.0415945165404
94	9	0.0303169531295
94	10	0.171498585143
94	12	0.0310535047022
94	14	0.0560112033611
94	17	0.0648203723552
94	18	0.0289885517826
94	19	0.0797452222829
94	21	0.0672672793996
94	25	0.171498585143
94	26	0.0679235610811
94	27	0.219381727238
94	28	0.0281941937217
94	29	0.0217803420935
94	31	0.0819920061691
94	32	0.0174580963019
94	37	0.0766964988847
94	39	0.0990147542977
94	40	0.125244858217
94	42	0.0383482494424
94	47	0.0384686524056
94	49	0.0369863360728
94	50	0.0365636212064
94	52	0.0766964988847
94	53	0.0171071439809
94	54	0.0247536885744
94	55	0.0300828418798
94	56	0.111282976815
94	58	0.0648203723552
94	60	0.0916698497028
94	61	0.0294117647059
94	62	0.0508492836181
94	65	0.0869656553479
94	67	0.0409960030845
94	68	0.0850871259623
94	69	0.0648203723552
94	70	0.0517087689995
94	71	0.0365636212064
94	72	0.0775631534993
94	74	0.125244858217
94	76	0.0428746462856
94	78	0.0990147542977
94	80	0.0508492836181
94	86	0.0648203723552
94	87	0.0446544280689
94	89	0.0392156862745
94	91	0.0444664085893
94	92	0.183339699406
94	96	0.0757554019079
94	97	0.161690416691
94	98	0.0318464877649
94	100	0.0588235294118
95	67	0.0436435780472
95	68	0.0226455406829
95	70	0.0550481882563
95	71	0.0778498944162
95	11	0.0860662965824
95	53	0.0182119454903
95	36	0.0418853908292
95	62	0.027066598098
96	2	0.0535671584006
96	10	0.110431526075
96	12	0.0399920023992
96	19	0.0513496165963
96	24	0.0637576713063
96	25	0.0736210173832
96	26	0.0437374016841
96	27	0.0470881609348
96	29	0.0140248178363
96	32	0.0112416333661
96	37	0.0493864798325
96	40	0.0806477838546
96	42	0.0493864798325
96	46	0.0260289603148
96	47	0.0123853849513
96	50	0.0470881609348
96	53	0.011015647826
96	54	0.0478182534798
96	56	0.035828718195
96	62	0.0163714586482
96	65	0.055999004471
96	67	0.0527963677348
96	68	0.013697345027
96	69	0.0278261290377
96	70	0.0332963579106
96	74	0.0806477838546
96	76	0.0138039407594
96	88	0.0256748082982
96	92	0.162327367428
96	93	0.018938850477
96	94	0.0757554019079
96	97	0.0694105608394
97	2	0.0762215933967
97	4	0.0335012605086
97	10	0.117851130198
97	12	0.0426789599776
97	17	0.0296956935458
97	19	0.18266554145
97	21	0.0308166775681
97	25	0.0785674201318
97	27	0.0837531512716
97	29	0.00997807233482
97	31	0.0187812056606
97	32	0.0159959055722
97	34	0.0533760512684
97	37	0.0175682092232
97	39	0.0453609211627
97	40	0.0860662965824
97	42	0.0351364184463
97	45	0.0180246023479
97	47	0.0176233685715
97	49	0.0508328567775
97	50	0.0335012605086
97	53	0.00783717350954
97	54	0.034020690872
97	55	0.0137816371766
97	56	0.0509812741935
97	58	0.0296956935458
97	60	0.167984210226
97	62	0.0232952185938
97	65	0.0398409536445
97	66	0.0392837100659
97	67	0.0563436169819
97	68	0.00974508910341
97	69	0.0296956935458
97	70	0.023688968484
97	72	0.0355334527259
97	74	0.0860662965824
97	76	0.00982092751648
97	78	0.0453609211627
97	80	0.139771311563
97	83	0.0106916716517
97	89	0.00898280092727
97	91	0.0101855388559
97	92	0.136487170809
97	93	0.0134742013909
97	94	0.161690416691
97	96	0.0694105608394
97	100	0.0269484027818
98	4	0.158361516493
98	12	0.0168120659785
98	14	0.0151619608716
98	18	0.0156941205144
98	20	0.166090959707
98	21	0.145671408146
98	26	0.0183865782838
98	27	0.0197951895616
98	28	0.0152640627718
98	29	0.0117916657659
98	30	0.166090959707
98	32	0.00945164385471
98	34	0.0210258566766
98	39	0.107211253484
98	42	0.0207613699634
98	50	0.0395903791232
98	53	0.00926164167516
98	54	0.0134014066855
98	55	0.0162865585496
98	60	0.0496291666985
98	61	0.0159232438825
98	62	0.0275293085062
98	68	0.0345490079779
98	71	0.0197951895616
98	73	0.0928476690885
98	75	0.151619608716
98	76	0.0116059586361
98	78	0.214422506968
98	81	0.0166759336491
98	84	0.0928476690885
98	91	0.0120368409653
98	93	0.0159232438825
98	94	0.0318464877649
98	100	0.12738595106
99	2	0.0357599269926
99	68	0.036575847798
99	6	0.131149499096
99	48	0.0533950699938
99	28	0.0242393082782
99	31	0.0352453688425
100	2	0.0415945165404
100	4	0.146254484825
100	6	0.025424641809
100	10	0.0857492925713
100	17	0.0648203723552
100	19	0.0398726111414
100	20	0.153392997769
100	21	0.201801838199
100	25	0.0571661950475
100	27	0.109690863619
100	29	0.0217803420935
100	30	0.153392997769
100	31	0.204980015423
100	37	0.0383482494424
100	39	0.198029508595
100	40	0.0626224291085
100	47	0.0384686524056
100	49	0.0369863360728
100	53	0.0171071439809
100	55	0.0300828418798
100	56	0.0278207442037
100	58	0.0648203723552
100	60	0.0916698497028
100	62	0.0508492836181
100	65	0.0289885517826
100	70	0.0517087689995
100	73	0.128623938857
100	74	0.0626224291085
100	75	0.140028008403
100	76	0.0214373231428
100	78	0.297044262893
100	80	0.0508492836181
100	84	0.0857492925713
100	89	0.0588235294118
100	91	0.0222332042947
100	92	0.0687523872771
100	94	0.0588235294118
100	97	0.0269484027818
100	98	0.12738595106
